#initial velocity, target velocity time, distance
0	0	0				0
0	5.000000e-01	0				0
0	1	0				0
0	1.500000e+00	2.360000e+00	1.398593e+00
0	2	1.480000e+00	8.257955e-01
0	2.500000e+00	3.490000e+00	4.422353e+00
0	3	2.360000e+00	2.797186e+00
0	3.500000e+00	4.260000e+00	8.430299e+00
0	4	2.990000e+00	5.522389e+00
0	4.500000e+00	4.860000e+00	1.319893e+01
0	5	3.490000e+00	8.844705e+00
0	5.500000e+00	5.360000e+00	1.860618e+01
0	6	3.900000e+00	1.262498e+01
0	6.500000e+00	5.790000e+00	2.455103e+01
0	7	4.260000e+00	1.686060e+01
0	7.500000e+00	6.170000e+00	3.097440e+01
0	8	4.580000e+00	2.148800e+01
0	8.500000e+00	6.520000e+00	3.789317e+01
0	9	4.860000e+00	2.639786e+01
0	9.500000e+00	6.850000e+00	4.531195e+01
0	10	5.120000e+00	3.165755e+01
0	1.050000e+01	7.160000e+00	5.317399e+01
0	11	5.360000e+00	3.721236e+01
0	1.150000e+01	7.450000e+00	6.142165e+01
0	12	5.580000e+00	4.300619e+01
0	1.250000e+01	7.740000e+00	7.023671e+01
0	13	5.790000e+00	4.910206e+01
0	1.350000e+01	8.020000e+00	7.949050e+01
0	14	5.980000e+00	5.534229e+01
0	1.450000e+01	8.290000e+00	8.915407e+01
0	15	6.170000e+00	6.194879e+01
0	1.550000e+01	8.560000e+00	9.934824e+01
0	16	6.350000e+00	6.877306e+01
0	1.650000e+01	8.830000e+00	1.100736e+02
0	17	6.520000e+00	7.578634e+01
0	1.750000e+01	9.110000e+00	1.215007e+02
0	18	6.690000e+00	8.312967e+01
0	1.850000e+01	9.390000e+00	1.334799e+02
0	19	6.850000e+00	9.062391e+01
0	1.950000e+01	9.680000e+00	1.462013e+02
0	20	7.010000e+00	9.842981e+01
0	2.050000e+01	9.980000e+00	1.596952e+02
0	21	7.160000e+00	1.063480e+02
0	2.150000e+01	1.030000e+01	1.742015e+02
0	22	7.310000e+00	1.145590e+02
0	2.250000e+01	1.064000e+01	1.897803e+02
0	23	7.450000e+00	1.228433e+02
0	2.350000e+01	11	2.064912e+02
0	24	7.600000e+00	1.316313e+02
0	2.450000e+01	1.141000e+01	2.251139e+02
0	25	7.740000e+00	1.404734e+02
5.000000e-01	0	0				0
5.000000e-01	5.000000e-01	0				0
5.000000e-01	1	0				0
5.000000e-01	1.500000e+00	1.500000e+00	1.166938e+00
5.000000e-01	2	8.700000e-01	6.640948e-01
5.000000e-01	2.500000e+00	3.020000e+00	4.302145e+00
5.000000e-01	3	1.970000e+00	2.687397e+00
5.000000e-01	3.500000e+00	3.930000e+00	8.332359e+00
5.000000e-01	4	2.710000e+00	5.455236e+00
5.000000e-01	4.500000e+00	4.610000e+00	1.312905e+01
5.000000e-01	5	3.270000e+00	8.796764e+00
5.000000e-01	5.500000e+00	5.160000e+00	1.855981e+01
5.000000e-01	6	3.720000e+00	1.259559e+01
5.000000e-01	6.500000e+00	5.620000e+00	2.450063e+01
5.000000e-01	7	4.100000e+00	1.679830e+01
5.000000e-01	7.500000e+00	6.030000e+00	3.097556e+01
5.000000e-01	8	4.440000e+00	2.142579e+01
5.000000e-01	8.500000e+00	6.400000e+00	3.792308e+01
5.000000e-01	9	4.740000e+00	2.637116e+01
5.000000e-01	9.500000e+00	6.740000e+00	4.531871e+01
5.000000e-01	10	5.010000e+00	3.161316e+01
5.000000e-01	1.050000e+01	7.060000e+00	5.317627e+01
5.000000e-01	11	5.260000e+00	3.716798e+01
5.000000e-01	1.150000e+01	7.360000e+00	6.143846e+01
5.000000e-01	12	5.490000e+00	4.298013e+01
5.000000e-01	1.250000e+01	7.650000e+00	7.016731e+01
5.000000e-01	13	5.700000e+00	4.899300e+01
5.000000e-01	1.350000e+01	7.940000e+00	7.946432e+01
5.000000e-01	14	5.910000e+00	5.540924e+01
5.000000e-01	1.450000e+01	8.220000e+00	8.919067e+01
5.000000e-01	15	6.100000e+00	6.195091e+01
5.000000e-01	1.550000e+01	8.490000e+00	9.931723e+01
5.000000e-01	16	6.280000e+00	6.870969e+01
5.000000e-01	1.650000e+01	8.770000e+00	1.101347e+02
5.000000e-01	17	6.460000e+00	7.581695e+01
5.000000e-01	1.750000e+01	9.050000e+00	1.215037e+02
5.000000e-01	18	6.630000e+00	8.310381e+01
5.000000e-01	1.850000e+01	9.330000e+00	1.334245e+02
5.000000e-01	19	6.790000e+00	9.054120e+01
5.000000e-01	1.950000e+01	9.620000e+00	1.460874e+02
5.000000e-01	20	6.950000e+00	9.828993e+01
5.000000e-01	2.050000e+01	9.930000e+00	1.597226e+02
5.000000e-01	21	7.110000e+00	1.063507e+02
5.000000e-01	2.150000e+01	1.025000e+01	1.741802e+02
5.000000e-01	22	7.260000e+00	1.145140e+02
5.000000e-01	2.250000e+01	1.059000e+01	1.897100e+02
5.000000e-01	23	7.410000e+00	1.229705e+02
5.000000e-01	2.350000e+01	1.096000e+01	2.066020e+02
5.000000e-01	24	7.550000e+00	1.314904e+02
5.000000e-01	2.450000e+01	1.136000e+01	2.249456e+02
5.000000e-01	25	7.700000e+00	1.405243e+02
1	0	0				0
1	5.000000e-01	0				0
1	1	0				0
1	1.500000e+00	0				0
1	2	0				0
1	2.500000e+00	2.410000e+00	3.837873e+00
1	3	1.500000e+00	2.333876e+00
1	3.500000e+00	3.550000e+00	8.057558e+00
1	4	2.380000e+00	5.196591e+00
1	4.500000e+00	4.330000e+00	1.292474e+01
1	5	3.020000e+00	8.604291e+00
1	5.500000e+00	4.930000e+00	1.835459e+01
1	6	3.520000e+00	1.245012e+01
1	6.500000e+00	5.430000e+00	2.432433e+01
1	7	3.930000e+00	1.666472e+01
1	7.500000e+00	5.870000e+00	3.083257e+01
1	8	4.290000e+00	2.128528e+01
1	8.500000e+00	6.260000e+00	3.778995e+01
1	9	4.610000e+00	2.625811e+01
1	9.500000e+00	6.620000e+00	4.523319e+01
1	10	4.900000e+00	3.156380e+01
1	1.050000e+01	6.950000e+00	5.307678e+01
1	11	5.160000e+00	3.711963e+01
1	1.150000e+01	7.260000e+00	6.134389e+01
1	12	5.390000e+00	4.284080e+01
1	1.250000e+01	7.560000e+00	7.009681e+01
1	13	5.620000e+00	4.900125e+01
1	1.350000e+01	7.850000e+00	7.930725e+01
1	14	5.830000e+00	5.534391e+01
1	1.450000e+01	8.140000e+00	8.908654e+01
1	15	6.030000e+00	6.195112e+01
1	1.550000e+01	8.420000e+00	9.928564e+01
1	16	6.210000e+00	6.864468e+01
1	1.650000e+01	8.700000e+00	1.100354e+02
1	17	6.400000e+00	7.584616e+01
1	1.750000e+01	8.990000e+00	1.215063e+02
1	18	6.570000e+00	8.307672e+01
1	1.850000e+01	9.270000e+00	1.333688e+02
1	19	6.740000e+00	9.063743e+01
1	1.950000e+01	9.570000e+00	1.461633e+02
1	20	6.900000e+00	9.833912e+01
1	2.050000e+01	9.880000e+00	1.597499e+02
1	21	7.060000e+00	1.063525e+02
1	2.150000e+01	1.020000e+01	1.741587e+02
1	22	7.210000e+00	1.144683e+02
1	2.250000e+01	1.054000e+01	1.896397e+02
1	23	7.360000e+00	1.228769e+02
1	2.350000e+01	1.091000e+01	2.064826e+02
1	24	7.510000e+00	1.315789e+02
1	2.450000e+01	1.132000e+01	2.250173e+02
1	25	7.650000e+00	1.403346e+02
1.500000e+00	0	0				0
1.500000e+00	5.000000e-01	0				0
1.500000e+00	1	0				0
1.500000e+00	1.500000e+00	0				0
1.500000e+00	2	0				0
1.500000e+00	2.500000e+00	1.540000e+00	2.734785e+00
1.500000e+00	3	8.900000e-01	1.566502e+00
1.500000e+00	3.500000e+00	3.070000e+00	7.443494e+00
1.500000e+00	4	1.990000e+00	4.700911e+00
1.500000e+00	4.500000e+00	4	1.250141e+01
1.500000e+00	5	2.730000e+00	8.220575e+00
1.500000e+00	5.500000e+00	4.680000e+00	1.803838e+01
1.500000e+00	6	3.300000e+00	1.218511e+01
1.500000e+00	6.500000e+00	5.230000e+00	2.408101e+01
1.500000e+00	7	3.750000e+00	1.645786e+01
1.500000e+00	7.500000e+00	5.700000e+00	3.061476e+01
1.500000e+00	8	4.140000e+00	2.113522e+01
1.500000e+00	8.500000e+00	6.110000e+00	3.757336e+01
1.500000e+00	9	4.470000e+00	2.605788e+01
1.500000e+00	9.500000e+00	6.490000e+00	4.505509e+01
1.500000e+00	10	4.770000e+00	3.132886e+01
1.500000e+00	1.050000e+01	6.830000e+00	5.287533e+01
1.500000e+00	11	5.050000e+00	3.696685e+01
1.500000e+00	1.150000e+01	7.160000e+00	6.124779e+01
1.500000e+00	12	5.300000e+00	4.280793e+01
1.500000e+00	1.250000e+01	7.470000e+00	7.002511e+01
1.500000e+00	13	5.530000e+00	4.888657e+01
1.500000e+00	1.350000e+01	7.770000e+00	7.927924e+01
1.500000e+00	14	5.740000e+00	5.514613e+01
1.500000e+00	1.450000e+01	8.060000e+00	8.898163e+01
1.500000e+00	15	5.950000e+00	6.180923e+01
1.500000e+00	1.550000e+01	8.350000e+00	9.925343e+01
1.500000e+00	16	6.140000e+00	6.857791e+01
1.500000e+00	1.650000e+01	8.630000e+00	1.099355e+02
1.500000e+00	17	6.330000e+00	7.571383e+01
1.500000e+00	1.750000e+01	8.920000e+00	1.213384e+02
1.500000e+00	18	6.510000e+00	8.304833e+01
1.500000e+00	1.850000e+01	9.210000e+00	1.333127e+02
1.500000e+00	19	6.680000e+00	9.055250e+01
1.500000e+00	1.950000e+01	9.510000e+00	1.460488e+02
1.500000e+00	20	6.840000e+00	9.819730e+01
1.500000e+00	2.050000e+01	9.820000e+00	1.595769e+02
1.500000e+00	21	7	1.061535e+02
1.500000e+00	2.150000e+01	1.015000e+01	1.741370e+02
1.500000e+00	22	7.160000e+00	1.144218e+02
1.500000e+00	2.250000e+01	1.049000e+01	1.895691e+02
1.500000e+00	23	7.310000e+00	1.227827e+02
1.500000e+00	2.350000e+01	1.086000e+01	2.063632e+02
1.500000e+00	24	7.460000e+00	1.314368e+02
1.500000e+00	2.450000e+01	1.128000e+01	2.250888e+02
1.500000e+00	25	7.610000e+00	1.403844e+02
2	0	0				0
2	5.000000e-01	0				0
2	1	0				0
2	1.500000e+00	0				0
2	2	0				0
2	2.500000e+00	0				0
2	3	0				0
2	3.500000e+00	2.460000e+00	6.376580e+00
2	4	1.520000e+00	3.881803e+00
2	4.500000e+00	3.610000e+00	1.181192e+01
2	5	2.410000e+00	7.675747e+00
2	5.500000e+00	4.400000e+00	1.755818e+01
2	6	3.050000e+00	1.174584e+01
2	6.500000e+00	5.010000e+00	2.370913e+01
2	7	3.550000e+00	1.611512e+01
2	7.500000e+00	5.520000e+00	3.032129e+01
2	8	3.970000e+00	2.083401e+01
2	8.500000e+00	5.960000e+00	3.735280e+01
2	9	4.330000e+00	2.584948e+01
2	9.500000e+00	6.350000e+00	4.478410e+01
2	10	4.650000e+00	3.117771e+01
2	1.050000e+01	6.710000e+00	5.267171e+01
2	11	4.930000e+00	3.670918e+01
2	1.150000e+01	7.050000e+00	6.104002e+01
2	12	5.190000e+00	4.255111e+01
2	1.250000e+01	7.370000e+00	6.983210e+01
2	13	5.430000e+00	4.864867e+01
2	1.350000e+01	7.680000e+00	7.912017e+01
2	14	5.660000e+00	5.507571e+01
2	1.450000e+01	7.980000e+00	8.887590e+01
2	15	5.870000e+00	6.166513e+01
2	1.550000e+01	8.270000e+00	9.907053e+01
2	16	6.070000e+00	6.850925e+01
2	1.650000e+01	8.560000e+00	1.098350e+02
2	17	6.260000e+00	7.557989e+01
2	1.750000e+01	8.850000e+00	1.211701e+02
2	18	6.440000e+00	8.284852e+01
2	1.850000e+01	9.150000e+00	1.332563e+02
2	19	6.620000e+00	9.046638e+01
2	1.950000e+01	9.450000e+00	1.459341e+02
2	20	6.780000e+00	9.805442e+01
2	2.050000e+01	9.760000e+00	1.594036e+02
2	21	6.950000e+00	1.061536e+02
2	2.150000e+01	1.009000e+01	1.739051e+02
2	22	7.110000e+00	1.143745e+02
2	2.250000e+01	1.044000e+01	1.894985e+02
2	23	7.260000e+00	1.226878e+02
2	2.350000e+01	1.082000e+01	2.064736e+02
2	24	7.410000e+00	1.312940e+02
2	2.450000e+01	1.123000e+01	2.249202e+02
2	25	7.560000e+00	1.401936e+02
2.500000e+00	0	0				0
2.500000e+00	5.000000e-01	0				0
2.500000e+00	1	0				0
2.500000e+00	1.500000e+00	0				0
2.500000e+00	2	0				0
2.500000e+00	2.500000e+00	0				0
2.500000e+00	3	0				0
2.500000e+00	3.500000e+00	1.580000e+00	4.382298e+00
2.500000e+00	4	9.000000e-01	2.478810e+00
2.500000e+00	4.500000e+00	3.140000e+00	1.076411e+01
2.500000e+00	5	2.020000e+00	6.794217e+00
2.500000e+00	5.500000e+00	4.070000e+00	1.680951e+01
2.500000e+00	6	2.760000e+00	1.107561e+01
2.500000e+00	6.500000e+00	4.760000e+00	2.314663e+01
2.500000e+00	7	3.330000e+00	1.563307e+01
2.500000e+00	7.500000e+00	5.310000e+00	2.981102e+01
2.500000e+00	8	3.780000e+00	2.037969e+01
2.500000e+00	8.500000e+00	5.790000e+00	3.696761e+01
2.500000e+00	9	4.170000e+00	2.547164e+01
2.500000e+00	9.500000e+00	6.200000e+00	4.441978e+01
2.500000e+00	10	4.510000e+00	3.083947e+01
2.500000e+00	1.050000e+01	6.580000e+00	5.236563e+01
2.500000e+00	11	4.810000e+00	3.644604e+01
2.500000e+00	1.150000e+01	6.940000e+00	6.083039e+01
2.500000e+00	12	5.090000e+00	4.239998e+01
2.500000e+00	1.250000e+01	7.270000e+00	6.963765e+01
2.500000e+00	13	5.340000e+00	4.852729e+01
2.500000e+00	1.350000e+01	7.580000e+00	7.882997e+01
2.500000e+00	14	5.570000e+00	5.487239e+01
2.500000e+00	1.450000e+01	7.890000e+00	8.862926e+01
2.500000e+00	15	5.790000e+00	6.151864e+01
2.500000e+00	1.550000e+01	8.190000e+00	9.888691e+01
2.500000e+00	16	5.990000e+00	6.828857e+01
2.500000e+00	1.650000e+01	8.490000e+00	1.097340e+02
2.500000e+00	17	6.190000e+00	7.544424e+01
2.500000e+00	1.750000e+01	8.780000e+00	1.210013e+02
2.500000e+00	18	6.370000e+00	8.264725e+01
2.500000e+00	1.850000e+01	9.080000e+00	1.330195e+02
2.500000e+00	19	6.550000e+00	9.019895e+01
2.500000e+00	1.950000e+01	9.390000e+00	1.458190e+02
2.500000e+00	20	6.720000e+00	9.791044e+01
2.500000e+00	2.050000e+01	9.710000e+00	1.594301e+02
2.500000e+00	21	6.890000e+00	1.059526e+02
2.500000e+00	2.150000e+01	1.004000e+01	1.738830e+02
2.500000e+00	22	7.050000e+00	1.141163e+02
2.500000e+00	2.250000e+01	1.039000e+01	1.894276e+02
2.500000e+00	23	7.210000e+00	1.225921e+02
2.500000e+00	2.350000e+01	1.077000e+01	2.063539e+02
2.500000e+00	24	7.360000e+00	1.311506e+02
2.500000e+00	2.450000e+01	1.118000e+01	2.247515e+02
2.500000e+00	25	7.520000e+00	1.402422e+02
3	0	0				0
3	5.000000e-01	0				0
3	1	0				0
3	1.500000e+00	0				0
3	2	0				0
3	2.500000e+00	0				0
3	3	0				0
3	3.500000e+00	0				0
3	4	0				0
3	4.500000e+00	2.510000e+00	9.014680e+00
3	5	1.540000e+00	5.469569e+00
3	5.500000e+00	3.680000e+00	1.573540e+01
3	6	2.430000e+00	1.016459e+01
3	6.500000e+00	4.470000e+00	2.233056e+01
3	7	3.070000e+00	1.488699e+01
3	7.500000e+00	5.090000e+00	2.922250e+01
3	8	3.580000e+00	1.983969e+01
3	8.500000e+00	5.600000e+00	3.641695e+01
3	9	4	2.500282e+01
3	9.500000e+00	6.050000e+00	4.405166e+01
3	10	4.360000e+00	3.040317e+01
3	1.050000e+01	6.450000e+00	5.205678e+01
3	11	4.680000e+00	3.607676e+01
3	1.150000e+01	6.810000e+00	6.039867e+01
3	12	4.970000e+00	4.202401e+01
3	1.250000e+01	7.160000e+00	6.932159e+01
3	13	5.230000e+00	4.816202e+01
3	1.350000e+01	7.490000e+00	7.866853e+01
3	14	5.470000e+00	5.453593e+01
3	1.450000e+01	7.800000e+00	8.838163e+01
3	15	5.700000e+00	6.122952e+01
3	1.550000e+01	8.110000e+00	9.870251e+01
3	16	5.910000e+00	6.806570e+01
3	1.650000e+01	8.410000e+00	1.094723e+02
3	17	6.110000e+00	7.514672e+01
3	1.750000e+01	8.710000e+00	1.208321e+02
3	18	6.300000e+00	8.244439e+01
3	1.850000e+01	9.020000e+00	1.329623e+02
3	19	6.490000e+00	9.011019e+01
3	1.950000e+01	9.330000e+00	1.457037e+02
3	20	6.660000e+00	9.776527e+01
3	2.050000e+01	9.650000e+00	1.592564e+02
3	21	6.830000e+00	1.057507e+02
3	2.150000e+01	9.980000e+00	1.736507e+02
3	22	7	1.140672e+02
3	2.250000e+01	1.033000e+01	1.891366e+02
3	23	7.160000e+00	1.224956e+02
3	2.350000e+01	1.071000e+01	2.060040e+02
3	24	7.310000e+00	1.310064e+02
3	2.450000e+01	1.113000e+01	2.245827e+02
3	25	7.470000e+00	1.400502e+02
3.500000e+00	0	0				0
3.500000e+00	5.000000e-01	0				0
3.500000e+00	1	0				0
3.500000e+00	1.500000e+00	0				0
3.500000e+00	2	0				0
3.500000e+00	2.500000e+00	0				0
3.500000e+00	3	0				0
3.500000e+00	3.500000e+00	0				0
3.500000e+00	4	0				0
3.500000e+00	4.500000e+00	1.620000e+00	6.109453e+00
3.500000e+00	5	9.100000e-01	3.411048e+00
3.500000e+00	5.500000e+00	3.200000e+00	1.417392e+01
3.500000e+00	6	2.040000e+00	8.897264e+00
3.500000e+00	6.500000e+00	4.140000e+00	2.125660e+01
3.500000e+00	7	2.790000e+00	1.399030e+01
3.500000e+00	7.500000e+00	4.840000e+00	2.841372e+01
3.500000e+00	8	3.360000e+00	1.914062e+01
3.500000e+00	8.500000e+00	5.400000e+00	3.577977e+01
3.500000e+00	9	3.820000e+00	2.444108e+01
3.500000e+00	9.500000e+00	5.880000e+00	4.349909e+01
3.500000e+00	10	4.210000e+00	2.995759e+01
3.500000e+00	1.050000e+01	6.300000e+00	5.154475e+01
3.500000e+00	11	4.550000e+00	3.570054e+01
3.500000e+00	1.150000e+01	6.690000e+00	6.007462e+01
3.500000e+00	12	4.850000e+00	4.164267e+01
3.500000e+00	1.250000e+01	7.040000e+00	6.888377e+01
3.500000e+00	13	5.120000e+00	4.779251e+01
3.500000e+00	1.350000e+01	7.380000e+00	7.824572e+01
3.500000e+00	14	5.380000e+00	5.432604e+01
3.500000e+00	1.450000e+01	7.710000e+00	8.813294e+01
3.500000e+00	15	5.610000e+00	6.093759e+01
3.500000e+00	1.550000e+01	8.020000e+00	9.836725e+01
3.500000e+00	16	5.830000e+00	6.784048e+01
3.500000e+00	1.650000e+01	8.330000e+00	1.092100e+02
3.500000e+00	17	6.040000e+00	7.500724e+01
3.500000e+00	1.750000e+01	8.640000e+00	1.206622e+02
3.500000e+00	18	6.230000e+00	8.223985e+01
3.500000e+00	1.850000e+01	8.950000e+00	1.327247e+02
3.500000e+00	19	6.420000e+00	8.983996e+01
3.500000e+00	1.950000e+01	9.260000e+00	1.453979e+02
3.500000e+00	20	6.600000e+00	9.761885e+01
3.500000e+00	2.050000e+01	9.590000e+00	1.590823e+02
3.500000e+00	21	6.770000e+00	1.055476e+02
3.500000e+00	2.150000e+01	9.920000e+00	1.734181e+02
3.500000e+00	22	6.940000e+00	1.138072e+02
3.500000e+00	2.250000e+01	1.028000e+01	1.890654e+02
3.500000e+00	23	7.100000e+00	1.221783e+02
3.500000e+00	2.350000e+01	1.066000e+01	2.058840e+02
3.500000e+00	24	7.260000e+00	1.308615e+02
3.500000e+00	2.450000e+01	1.108000e+01	2.244138e+02
3.500000e+00	25	7.420000e+00	1.398576e+02
4	0	0				0
4	5.000000e-01	0				0
4	1	0				0
4	1.500000e+00	0				0
4	2	0				0
4	2.500000e+00	0				0
4	3	0				0
4	3.500000e+00	0				0
4	4	0				0
4	4.500000e+00	0				0
4	5	0				0
4	5.500000e+00	2.570000e+00	1.180215e+01
4	6	1.560000e+00	7.097169e+00
4	6.500000e+00	3.750000e+00	1.979794e+01
4	7	2.460000e+00	1.275316e+01
4	7.500000e+00	4.550000e+00	2.731184e+01
4	8	3.100000e+00	1.813779e+01
4	8.500000e+00	5.170000e+00	3.489464e+01
4	9	3.610000e+00	2.362384e+01
4	9.500000e+00	5.690000e+00	4.276128e+01
4	10	4.040000e+00	2.932118e+01
4	1.050000e+01	6.140000e+00	5.092907e+01
4	11	4.400000e+00	3.511635e+01
4	1.150000e+01	6.550000e+00	5.952791e+01
4	12	4.720000e+00	4.114529e+01
4	1.250000e+01	6.920000e+00	6.844397e+01
4	13	5.010000e+00	4.741827e+01
4	1.350000e+01	7.270000e+00	7.782139e+01
4	14	5.270000e+00	5.385234e+01
4	1.450000e+01	7.610000e+00	8.774307e+01
4	15	5.520000e+00	6.064258e+01
4	1.550000e+01	7.930000e+00	9.803107e+01
4	16	5.740000e+00	6.746270e+01
4	1.650000e+01	8.250000e+00	1.089469e+02
4	17	5.960000e+00	7.470561e+01
4	1.750000e+01	8.560000e+00	1.203218e+02
4	18	6.160000e+00	8.203351e+01
4	1.850000e+01	8.880000e+00	1.324866e+02
4	19	6.350000e+00	8.956819e+01
4	1.950000e+01	9.190000e+00	1.450918e+02
4	20	6.530000e+00	9.728110e+01
4	2.050000e+01	9.520000e+00	1.587079e+02
4	21	6.710000e+00	1.053434e+02
4	2.150000e+01	9.860000e+00	1.731853e+02
4	22	6.880000e+00	1.135461e+02
4	2.250000e+01	1.022000e+01	1.887740e+02
4	23	7.050000e+00	1.220800e+02
4	2.350000e+01	1.061000e+01	2.057639e+02
4	24	7.210000e+00	1.307159e+02
4	2.450000e+01	1.103000e+01	2.242448e+02
4	25	7.370000e+00	1.396642e+02
4.500000e+00	0	0				0
4.500000e+00	5.000000e-01	0				0
4.500000e+00	1	0				0
4.500000e+00	1.500000e+00	0				0
4.500000e+00	2	0				0
4.500000e+00	2.500000e+00	0				0
4.500000e+00	3	0				0
4.500000e+00	3.500000e+00	0				0
4.500000e+00	4	0				0
4.500000e+00	4.500000e+00	0				0
4.500000e+00	5	0				0
4.500000e+00	5.500000e+00	1.660000e+00	7.916227e+00
4.500000e+00	6	9.200000e-01	4.363215e+00
4.500000e+00	6.500000e+00	3.270000e+00	1.776290e+01
4.500000e+00	7	2.060000e+00	1.104008e+01
4.500000e+00	7.500000e+00	4.220000e+00	2.591264e+01
4.500000e+00	8	2.820000e+00	1.696466e+01
4.500000e+00	8.500000e+00	4.920000e+00	3.383962e+01
4.500000e+00	9	3.390000e+00	2.270776e+01
4.500000e+00	9.500000e+00	5.490000e+00	4.192720e+01
4.500000e+00	10	3.850000e+00	2.849200e+01
4.500000e+00	1.050000e+01	5.970000e+00	5.020914e+01
4.500000e+00	11	4.240000e+00	3.442302e+01
4.500000e+00	1.150000e+01	6.400000e+00	5.886817e+01
4.500000e+00	12	4.580000e+00	4.053105e+01
4.500000e+00	1.250000e+01	6.790000e+00	6.788194e+01
4.500000e+00	13	4.890000e+00	4.691874e+01
4.500000e+00	1.350000e+01	7.160000e+00	7.739539e+01
4.500000e+00	14	5.160000e+00	5.337446e+01
4.500000e+00	1.450000e+01	7.500000e+00	8.721190e+01
4.500000e+00	15	5.420000e+00	6.020417e+01
4.500000e+00	1.550000e+01	7.840000e+00	9.769388e+01
4.500000e+00	16	5.650000e+00	6.708214e+01
4.500000e+00	1.650000e+01	8.160000e+00	1.085231e+02
4.500000e+00	17	5.870000e+00	7.424165e+01
4.500000e+00	1.750000e+01	8.480000e+00	1.199808e+02
4.500000e+00	18	6.080000e+00	8.165520e+01
4.500000e+00	1.850000e+01	8.800000e+00	1.320679e+02
4.500000e+00	19	6.280000e+00	8.929477e+01
4.500000e+00	1.950000e+01	9.130000e+00	1.449753e+02
4.500000e+00	20	6.470000e+00	9.713194e+01
4.500000e+00	2.050000e+01	9.460000e+00	1.585333e+02
4.500000e+00	21	6.650000e+00	1.051380e+02
4.500000e+00	2.150000e+01	9.800000e+00	1.729522e+02
4.500000e+00	22	6.820000e+00	1.132840e+02
4.500000e+00	2.250000e+01	1.016000e+01	1.884823e+02
4.500000e+00	23	6.990000e+00	1.217609e+02
4.500000e+00	2.350000e+01	1.055000e+01	2.054136e+02
4.500000e+00	24	7.160000e+00	1.305694e+02
4.500000e+00	2.450000e+01	1.098000e+01	2.240757e+02
4.500000e+00	25	7.320000e+00	1.394701e+02
5	0	0				0
5	5.000000e-01	0				0
5	1	0				0
5	1.500000e+00	0				0
5	2	0				0
5	2.500000e+00	0				0
5	3	0				0
5	3.500000e+00	0				0
5	4	0				0
5	4.500000e+00	0				0
5	5	0				0
5	5.500000e+00	0				0
5	6	0				0
5	6.500000e+00	2.630000e+00	1.470892e+01
5	7	1.580000e+00	8.764596e+00
5	7.500000e+00	3.820000e+00	2.399949e+01
5	8	2.480000e+00	1.533141e+01
5	8.500000e+00	4.630000e+00	3.245195e+01
5	9	3.140000e+00	2.152822e+01
5	9.500000e+00	5.260000e+00	4.081547e+01
5	10	3.650000e+00	2.755756e+01
5	1.050000e+01	5.790000e+00	4.938419e+01
5	11	4.070000e+00	3.361902e+01
5	1.150000e+01	6.240000e+00	5.809495e+01
5	12	4.440000e+00	3.990902e+01
5	1.250000e+01	6.660000e+00	6.731740e+01
5	13	4.760000e+00	4.629325e+01
5	1.350000e+01	7.040000e+00	7.683752e+01
5	14	5.050000e+00	5.289194e+01
5	1.450000e+01	7.390000e+00	8.667931e+01
5	15	5.310000e+00	5.962204e+01
5	1.550000e+01	7.740000e+00	9.720559e+01
5	16	5.560000e+00	6.669857e+01
5	1.650000e+01	8.070000e+00	1.080983e+02
5	17	5.790000e+00	7.393522e+01
5	1.750000e+01	8.400000e+00	1.196390e+02
5	18	6	8.127481e+01
5	1.850000e+01	8.720000e+00	1.316487e+02
5	19	6.200000e+00	8.883957e+01
5	1.950000e+01	9.050000e+00	1.444783e+02
5	20	6.400000e+00	9.679125e+01
5	2.050000e+01	9.390000e+00	1.581582e+02
5	21	6.580000e+00	1.047313e+02
5	2.150000e+01	9.740000e+00	1.727189e+02
5	22	6.760000e+00	1.130208e+02
5	2.250000e+01	1.011000e+01	1.884105e+02
5	23	6.940000e+00	1.216608e+02
5	2.350000e+01	1.050000e+01	2.052931e+02
5	24	7.100000e+00	1.301920e+02
5	2.450000e+01	1.093000e+01	2.239064e+02
5	25	7.270000e+00	1.392753e+02
5.500000e+00	0	0				0
5.500000e+00	5.000000e-01	0				0
5.500000e+00	1	0				0
5.500000e+00	1.500000e+00	0				0
5.500000e+00	2	0				0
5.500000e+00	2.500000e+00	0				0
5.500000e+00	3	0				0
5.500000e+00	3.500000e+00	0				0
5.500000e+00	4	0				0
5.500000e+00	4.500000e+00	0				0
5.500000e+00	5	0				0
5.500000e+00	5.500000e+00	0				0
5.500000e+00	6	0				0
5.500000e+00	6.500000e+00	1.710000e+00	9.862597e+00
5.500000e+00	7	9.400000e-01	5.395317e+00
5.500000e+00	7.500000e+00	3.340000e+00	2.149099e+01
5.500000e+00	8	2.090000e+00	1.329265e+01
5.500000e+00	8.500000e+00	4.300000e+00	3.072757e+01
5.500000e+00	9	2.850000e+00	1.999866e+01
5.500000e+00	9.500000e+00	5.010000e+00	3.951424e+01
5.500000e+00	10	3.420000e+00	2.633448e+01
5.500000e+00	1.050000e+01	5.580000e+00	4.825322e+01
5.500000e+00	11	3.890000e+00	3.270246e+01
5.500000e+00	1.150000e+01	6.070000e+00	5.720767e+01
5.500000e+00	12	4.280000e+00	3.905795e+01
5.500000e+00	1.250000e+01	6.510000e+00	6.650997e+01
5.500000e+00	13	4.620000e+00	4.554103e+01
5.500000e+00	1.350000e+01	6.910000e+00	7.614753e+01
5.500000e+00	14	4.930000e+00	5.227422e+01
5.500000e+00	1.450000e+01	7.280000e+00	8.614514e+01
5.500000e+00	15	5.210000e+00	5.917582e+01
5.500000e+00	1.550000e+01	7.630000e+00	9.656608e+01
5.500000e+00	16	5.460000e+00	6.616166e+01
5.500000e+00	1.650000e+01	7.980000e+00	1.076727e+02
5.500000e+00	17	5.700000e+00	7.346605e+01
5.500000e+00	1.750000e+01	8.310000e+00	1.191266e+02
5.500000e+00	18	5.920000e+00	8.089216e+01
5.500000e+00	1.850000e+01	8.640000e+00	1.312290e+02
5.500000e+00	19	6.130000e+00	8.856248e+01
5.500000e+00	1.950000e+01	8.980000e+00	1.441709e+02
5.500000e+00	20	6.330000e+00	9.644895e+01
5.500000e+00	2.050000e+01	9.320000e+00	1.577828e+02
5.500000e+00	21	6.520000e+00	1.045232e+02
5.500000e+00	2.150000e+01	9.670000e+00	1.722753e+02
5.500000e+00	22	6.700000e+00	1.127563e+02
5.500000e+00	2.250000e+01	1.004000e+01	1.878984e+02
5.500000e+00	23	6.880000e+00	1.213396e+02
5.500000e+00	2.350000e+01	1.044000e+01	2.049424e+02
5.500000e+00	24	7.050000e+00	1.300438e+02
5.500000e+00	2.450000e+01	1.087000e+01	2.234970e+02
5.500000e+00	25	7.210000e+00	1.388397e+02
6	0	0				0
6	5.000000e-01	0				0
6	1	0				0
6	1.500000e+00	0				0
6	2	0				0
6	2.500000e+00	0				0
6	3	0				0
6	3.500000e+00	0				0
6	4	0				0
6	4.500000e+00	0				0
6	5	0				0
6	5.500000e+00	0				0
6	6	0				0
6	6.500000e+00	0				0
6	7	0				0
6	7.500000e+00	2.690000e+00	1.773497e+01
6	8	1.600000e+00	1.047184e+01
6	8.500000e+00	3.900000e+00	2.841999e+01
6	9	2.510000e+00	1.802936e+01
6	9.500000e+00	4.720000e+00	3.784084e+01
6	10	3.170000e+00	2.490823e+01
6	1.050000e+01	5.360000e+00	4.701494e+01
6	11	3.680000e+00	3.147079e+01
6	1.150000e+01	5.890000e+00	5.620560e+01
6	12	4.110000e+00	3.808638e+01
6	1.250000e+01	6.350000e+00	6.557922e+01
6	13	4.470000e+00	4.466112e+01
6	1.350000e+01	6.770000e+00	7.532515e+01
6	14	4.800000e+00	5.152065e+01
6	1.450000e+01	7.160000e+00	8.546920e+01
6	15	5.090000e+00	5.844501e+01
6	1.550000e+01	7.520000e+00	9.592523e+01
6	16	5.360000e+00	6.562112e+01
6	1.650000e+01	7.880000e+00	1.070860e+02
6	17	5.600000e+00	7.283390e+01
6	1.750000e+01	8.220000e+00	1.186133e+02
6	18	5.830000e+00	8.033704e+01
6	1.850000e+01	8.560000e+00	1.308086e+02
6	19	6.050000e+00	8.810332e+01
6	1.950000e+01	8.900000e+00	1.436729e+02
6	20	6.250000e+00	9.591491e+01
6	2.050000e+01	9.250000e+00	1.574070e+02
6	21	6.450000e+00	1.041136e+02
6	2.150000e+01	9.610000e+00	1.720413e+02
6	22	6.630000e+00	1.122806e+02
6	2.250000e+01	9.980000e+00	1.876061e+02
6	23	6.810000e+00	1.207973e+02
6	2.350000e+01	1.038000e+01	2.045915e+02
6	24	6.990000e+00	1.296646e+02
6	2.450000e+01	1.082000e+01	2.233274e+02
6	25	7.160000e+00	1.386432e+02
6.500000e+00	0	0				0
6.500000e+00	5.000000e-01	0				0
6.500000e+00	1	0				0
6.500000e+00	1.500000e+00	0				0
6.500000e+00	2	0				0
6.500000e+00	2.500000e+00	0				0
6.500000e+00	3	0				0
6.500000e+00	3.500000e+00	0				0
6.500000e+00	4	0				0
6.500000e+00	4.500000e+00	0				0
6.500000e+00	5	0				0
6.500000e+00	5.500000e+00	0				0
6.500000e+00	6	0				0
6.500000e+00	6.500000e+00	0				0
6.500000e+00	7	0				0
6.500000e+00	7.500000e+00	1.760000e+00	1.190852e+01
6.500000e+00	8	9.500000e-01	6.397317e+00
6.500000e+00	8.500000e+00	3.410000e+00	2.535812e+01
6.500000e+00	9	2.110000e+00	1.552495e+01
6.500000e+00	9.500000e+00	4.390000e+00	3.579132e+01
6.500000e+00	10	2.880000e+00	2.309229e+01
6.500000e+00	1.050000e+01	5.100000e+00	4.536752e+01
6.500000e+00	11	3.450000e+00	3.002076e+01
6.500000e+00	1.150000e+01	5.680000e+00	5.486778e+01
6.500000e+00	12	3.920000e+00	3.688240e+01
6.500000e+00	1.250000e+01	6.180000e+00	6.452461e+01
6.500000e+00	13	4.320000e+00	4.377235e+01
6.500000e+00	1.350000e+01	6.620000e+00	7.437004e+01
6.500000e+00	14	4.660000e+00	5.063045e+01
6.500000e+00	1.450000e+01	7.030000e+00	8.465125e+01
6.500000e+00	15	4.970000e+00	5.770910e+01
6.500000e+00	1.550000e+01	7.410000e+00	9.528289e+01
6.500000e+00	16	5.250000e+00	6.492653e+01
6.500000e+00	1.650000e+01	7.770000e+00	1.063381e+02
6.500000e+00	17	5.500000e+00	7.219851e+01
6.500000e+00	1.750000e+01	8.130000e+00	1.180991e+02
6.500000e+00	18	5.740000e+00	7.977926e+01
6.500000e+00	1.850000e+01	8.470000e+00	1.302075e+02
6.500000e+00	19	5.960000e+00	8.746195e+01
6.500000e+00	1.950000e+01	8.820000e+00	1.431745e+02
6.500000e+00	20	6.170000e+00	9.537901e+01
6.500000e+00	2.050000e+01	9.170000e+00	1.568308e+02
6.500000e+00	21	6.380000e+00	1.037024e+02
6.500000e+00	2.150000e+01	9.540000e+00	1.715970e+02
6.500000e+00	22	6.570000e+00	1.120136e+02
6.500000e+00	2.250000e+01	9.920000e+00	1.873136e+02
6.500000e+00	23	6.750000e+00	1.204739e+02
6.500000e+00	2.350000e+01	1.032000e+01	2.042405e+02
6.500000e+00	24	6.930000e+00	1.292844e+02
6.500000e+00	2.450000e+01	1.076000e+01	2.229177e+02
6.500000e+00	25	7.100000e+00	1.382058e+02
7	0	0				0
7	5.000000e-01	0				0
7	1	0				0
7	1.500000e+00	0				0
7	2	0				0
7	2.500000e+00	0				0
7	3	0				0
7	3.500000e+00	0				0
7	4	0				0
7	4.500000e+00	0				0
7	5	0				0
7	5.500000e+00	0				0
7	6	0				0
7	6.500000e+00	0				0
7	7	0				0
7	7.500000e+00	0				0
7	8	0				0
7	8.500000e+00	2.760000e+00	2.096024e+01
7	9	1.620000e+00	1.221891e+01
7	9.500000e+00	3.980000e+00	3.299939e+01
7	10	2.540000e+00	2.078699e+01
7	1.050000e+01	4.810000e+00	4.340842e+01
7	11	3.200000e+00	2.834784e+01
7	1.150000e+01	5.450000e+00	5.330295e+01
7	12	3.720000e+00	3.555359e+01
7	1.250000e+01	5.990000e+00	6.322543e+01
7	13	4.140000e+00	4.251321e+01
7	1.350000e+01	6.460000e+00	7.328178e+01
7	14	4.510000e+00	4.960268e+01
7	1.450000e+01	6.890000e+00	8.369105e+01
7	15	4.840000e+00	5.682745e+01
7	1.550000e+01	7.290000e+00	9.448888e+01
7	16	5.130000e+00	6.407745e+01
7	1.650000e+01	7.660000e+00	1.055890e+02
7	17	5.400000e+00	7.155954e+01
7	1.750000e+01	8.030000e+00	1.174140e+02
7	18	5.650000e+00	7.921858e+01
7	1.850000e+01	8.380000e+00	1.296057e+02
7	19	5.880000e+00	8.699818e+01
7	1.950000e+01	8.740000e+00	1.426754e+02
7	20	6.090000e+00	9.484110e+01
7	2.050000e+01	9.100000e+00	1.564541e+02
7	21	6.300000e+00	1.030895e+02
7	2.150000e+01	9.460000e+00	1.709424e+02
7	22	6.500000e+00	1.115351e+02
7	2.250000e+01	9.850000e+00	1.868007e+02
7	23	6.690000e+00	1.201492e+02
7	2.350000e+01	1.026000e+01	2.038892e+02
7	24	6.870000e+00	1.289031e+02
7	2.450000e+01	1.070000e+01	2.225078e+02
7	25	7.040000e+00	1.377675e+02
7.500000e+00	0	0				0
7.500000e+00	5.000000e-01	0				0
7.500000e+00	1	0				0
7.500000e+00	1.500000e+00	0				0
7.500000e+00	2	0				0
7.500000e+00	2.500000e+00	0				0
7.500000e+00	3	0				0
7.500000e+00	3.500000e+00	0				0
7.500000e+00	4	0				0
7.500000e+00	4.500000e+00	0				0
7.500000e+00	5	0				0
7.500000e+00	5.500000e+00	0				0
7.500000e+00	6	0				0
7.500000e+00	6.500000e+00	0				0
7.500000e+00	7	0				0
7.500000e+00	7.500000e+00	0				0
7.500000e+00	8	0				0
7.500000e+00	8.500000e+00	1.810000e+00	1.405396e+01
7.500000e+00	9	9.700000e-01	7.499255e+00
7.500000e+00	9.500000e+00	3.490000e+00	2.945426e+01
7.500000e+00	10	2.140000e+00	1.788700e+01
7.500000e+00	1.050000e+01	4.470000e+00	4.093380e+01
7.500000e+00	11	2.910000e+00	2.624555e+01
7.500000e+00	1.150000e+01	5.200000e+00	5.150939e+01
7.500000e+00	12	3.490000e+00	3.387662e+01
7.500000e+00	1.250000e+01	5.790000e+00	6.180077e+01
7.500000e+00	13	3.960000e+00	4.124188e+01
7.500000e+00	1.350000e+01	6.290000e+00	7.205984e+01
7.500000e+00	14	4.350000e+00	4.843619e+01
7.500000e+00	1.450000e+01	6.740000e+00	8.258827e+01
7.500000e+00	15	4.700000e+00	5.579928e+01
7.500000e+00	1.550000e+01	7.160000e+00	9.354300e+01
7.500000e+00	16	5.010000e+00	6.322337e+01
7.500000e+00	1.650000e+01	7.550000e+00	1.048385e+02
7.500000e+00	17	5.290000e+00	7.075661e+01
7.500000e+00	1.750000e+01	7.920000e+00	1.165578e+02
7.500000e+00	18	5.550000e+00	7.848470e+01
7.500000e+00	1.850000e+01	8.290000e+00	1.290031e+02
7.500000e+00	19	5.790000e+00	8.635180e+01
7.500000e+00	1.950000e+01	8.650000e+00	1.419857e+02
7.500000e+00	20	6.010000e+00	9.430102e+01
7.500000e+00	2.050000e+01	9.020000e+00	1.558769e+02
7.500000e+00	21	6.220000e+00	1.024748e+02
7.500000e+00	2.150000e+01	9.390000e+00	1.704974e+02
7.500000e+00	22	6.430000e+00	1.110550e+02
7.500000e+00	2.250000e+01	9.780000e+00	1.862876e+02
7.500000e+00	23	6.620000e+00	1.196032e+02
7.500000e+00	2.350000e+01	1.019000e+01	2.033077e+02
7.500000e+00	24	6.800000e+00	1.282906e+02
7.500000e+00	2.450000e+01	1.064000e+01	2.220977e+02
7.500000e+00	25	6.980000e+00	1.373283e+02
8	0	0				0
8	5.000000e-01	0				0
8	1	0				0
8	1.500000e+00	0				0
8	2	0				0
8	2.500000e+00	0				0
8	3	0				0
8	3.500000e+00	0				0
8	4	0				0
8	4.500000e+00	0				0
8	5	0				0
8	5.500000e+00	0				0
8	6	0				0
8	6.500000e+00	0				0
8	7	0				0
8	7.500000e+00	0				0
8	8	0				0
8	8.500000e+00	0				0
8	9	0				0
8	9.500000e+00	2.830000e+00	2.432468e+01
8	10	1.640000e+00	1.400578e+01
8	1.050000e+01	4.070000e+00	3.783761e+01
8	11	2.570000e+00	2.360429e+01
8	1.150000e+01	4.910000e+00	4.926462e+01
8	12	3.230000e+00	3.184702e+01
8	1.250000e+01	5.560000e+00	6.000943e+01
8	13	3.750000e+00	3.959587e+01
8	1.350000e+01	6.100000e+00	7.057357e+01
8	14	4.180000e+00	4.712952e+01
8	1.450000e+01	6.580000e+00	8.134250e+01
8	15	4.550000e+00	5.462368e+01
8	1.550000e+01	7.020000e+00	9.244498e+01
8	16	4.880000e+00	6.221365e+01
8	1.650000e+01	7.430000e+00	1.039264e+02
8	17	5.170000e+00	6.978927e+01
8	1.750000e+01	7.810000e+00	1.157005e+02
8	18	5.440000e+00	7.757730e+01
8	1.850000e+01	8.190000e+00	1.282195e+02
8	19	5.690000e+00	8.552255e+01
8	1.950000e+01	8.560000e+00	1.412954e+02
8	20	5.920000e+00	9.356859e+01
8	2.050000e+01	8.930000e+00	1.550992e+02
8	21	6.140000e+00	1.018581e+02
8	2.150000e+01	9.310000e+00	1.698420e+02
8	22	6.350000e+00	1.103633e+02
8	2.250000e+01	9.710000e+00	1.857741e+02
8	23	6.550000e+00	1.190558e+02
8	2.350000e+01	1.012000e+01	2.027259e+02
8	24	6.740000e+00	1.279070e+02
8	2.450000e+01	1.057000e+01	2.214474e+02
8	25	6.920000e+00	1.368879e+02
8.500000e+00	0	0				0
8.500000e+00	5.000000e-01	0				0
8.500000e+00	1	0				0
8.500000e+00	1.500000e+00	0				0
8.500000e+00	2	0				0
8.500000e+00	2.500000e+00	0				0
8.500000e+00	3	0				0
8.500000e+00	3.500000e+00	0				0
8.500000e+00	4	0				0
8.500000e+00	4.500000e+00	0				0
8.500000e+00	5	0				0
8.500000e+00	5.500000e+00	0				0
8.500000e+00	6	0				0
8.500000e+00	6.500000e+00	0				0
8.500000e+00	7	0				0
8.500000e+00	7.500000e+00	0				0
8.500000e+00	8	0				0
8.500000e+00	8.500000e+00	0				0
8.500000e+00	9	0				0
8.500000e+00	9.500000e+00	1.870000e+00	1.638889e+01
8.500000e+00	10	9.800000e-01	8.551076e+00
8.500000e+00	1.050000e+01	3.570000e+00	3.370933e+01
8.500000e+00	11	2.170000e+00	2.030879e+01
8.500000e+00	1.150000e+01	4.570000e+00	4.645497e+01
8.500000e+00	12	2.940000e+00	2.945842e+01
8.500000e+00	1.250000e+01	5.300000e+00	5.784974e+01
8.500000e+00	13	3.520000e+00	3.769199e+01
8.500000e+00	1.350000e+01	5.900000e+00	6.895210e+01
8.500000e+00	14	3.990000e+00	4.555081e+01
8.500000e+00	1.450000e+01	6.410000e+00	7.995327e+01
8.500000e+00	15	4.390000e+00	5.329949e+01
8.500000e+00	1.550000e+01	6.870000e+00	9.119453e+01
8.500000e+00	16	4.740000e+00	6.104753e+01
8.500000e+00	1.650000e+01	7.300000e+00	1.028526e+02
8.500000e+00	17	5.050000e+00	6.881702e+01
8.500000e+00	1.750000e+01	7.700000e+00	1.148418e+02
8.500000e+00	18	5.330000e+00	7.666603e+01
8.500000e+00	1.850000e+01	8.090000e+00	1.274350e+02
8.500000e+00	19	5.590000e+00	8.469019e+01
8.500000e+00	1.950000e+01	8.470000e+00	1.406043e+02
8.500000e+00	20	5.830000e+00	9.283360e+01
8.500000e+00	2.050000e+01	8.850000e+00	1.545210e+02
8.500000e+00	21	6.060000e+00	1.012394e+02
8.500000e+00	2.150000e+01	9.230000e+00	1.691861e+02
8.500000e+00	22	6.270000e+00	1.096698e+02
8.500000e+00	2.250000e+01	9.630000e+00	1.850403e+02
8.500000e+00	23	6.480000e+00	1.185069e+02
8.500000e+00	2.350000e+01	1.005000e+01	2.021439e+02
8.500000e+00	24	6.670000e+00	1.272920e+02
8.500000e+00	2.450000e+01	1.051000e+01	2.210370e+02
8.500000e+00	25	6.860000e+00	1.364465e+02
9	0	0				0
9	5.000000e-01	0				0
9	1	0				0
9	1.500000e+00	0				0
9	2	0				0
9	2.500000e+00	0				0
9	3	0				0
9	3.500000e+00	0				0
9	4	0				0
9	4.500000e+00	0				0
9	5	0				0
9	5.500000e+00	0				0
9	6	0				0
9	6.500000e+00	0				0
9	7	0				0
9	7.500000e+00	0				0
9	8	0				0
9	8.500000e+00	0				0
9	9	0				0
9	9.500000e+00	0				0
9	10	0				0
9	1.050000e+01	2.910000e+00	2.792822e+01
9	11	1.660000e+00	1.583245e+01
9	1.150000e+01	4.160000e+00	4.285457e+01
9	12	2.600000e+00	2.648125e+01
9	1.250000e+01	5.010000e+00	5.531935e+01
9	13	3.270000e+00	3.552580e+01
9	1.350000e+01	5.670000e+00	6.693426e+01
9	14	3.790000e+00	4.382769e+01
9	1.450000e+01	6.220000e+00	7.827992e+01
9	15	4.220000e+00	5.182529e+01
9	1.550000e+01	6.710000e+00	8.979128e+01
9	16	4.590000e+00	5.972409e+01
9	1.650000e+01	7.160000e+00	1.016168e+02
9	17	4.920000e+00	6.767923e+01
9	1.750000e+01	7.580000e+00	1.138117e+02
9	18	5.220000e+00	7.575045e+01
9	1.850000e+01	7.980000e+00	1.264694e+02
9	19	5.490000e+00	8.385440e+01
9	1.950000e+01	8.370000e+00	1.397223e+02
9	20	5.740000e+00	9.209583e+01
9	2.050000e+01	8.760000e+00	1.537421e+02
9	21	5.970000e+00	1.004183e+02
9	2.150000e+01	9.150000e+00	1.685298e+02
9	22	6.190000e+00	1.089744e+02
9	2.250000e+01	9.550000e+00	1.843061e+02
9	23	6.400000e+00	1.177363e+02
9	2.350000e+01	9.980000e+00	2.015616e+02
9	24	6.600000e+00	1.266757e+02
9	2.450000e+01	1.044000e+01	2.203863e+02
9	25	6.790000e+00	1.357639e+02
9.500000e+00	0	0				0
9.500000e+00	5.000000e-01	0				0
9.500000e+00	1	0				0
9.500000e+00	1.500000e+00	0				0
9.500000e+00	2	0				0
9.500000e+00	2.500000e+00	0				0
9.500000e+00	3	0				0
9.500000e+00	3.500000e+00	0				0
9.500000e+00	4	0				0
9.500000e+00	4.500000e+00	0				0
9.500000e+00	5	0				0
9.500000e+00	5.500000e+00	0				0
9.500000e+00	6	0				0
9.500000e+00	6.500000e+00	0				0
9.500000e+00	7	0				0
9.500000e+00	7.500000e+00	0				0
9.500000e+00	8	0				0
9.500000e+00	8.500000e+00	0				0
9.500000e+00	9	0				0
9.500000e+00	9.500000e+00	0				0
9.500000e+00	10	0				0
9.500000e+00	1.050000e+01	1.930000e+00	1.884324e+01
9.500000e+00	11	1	9.722828e+00
9.500000e+00	1.150000e+01	3.660000e+00	3.823326e+01
9.500000e+00	12	2.190000e+00	2.268025e+01
9.500000e+00	1.250000e+01	4.670000e+00	5.217472e+01
9.500000e+00	13	2.970000e+00	3.273090e+01
9.500000e+00	1.350000e+01	5.410000e+00	6.451849e+01
9.500000e+00	14	3.560000e+00	4.169691e+01
9.500000e+00	1.450000e+01	6.020000e+00	7.646165e+01
9.500000e+00	15	4.030000e+00	5.005924e+01
9.500000e+00	1.550000e+01	6.540000e+00	8.823475e+01
9.500000e+00	16	4.430000e+00	5.824222e+01
9.500000e+00	1.650000e+01	7.010000e+00	1.002187e+02
9.500000e+00	17	4.780000e+00	6.637516e+01
9.500000e+00	1.750000e+01	7.450000e+00	1.126099e+02
9.500000e+00	18	5.100000e+00	7.466004e+01
9.500000e+00	1.850000e+01	7.860000e+00	1.253226e+02
9.500000e+00	19	5.380000e+00	8.283479e+01
9.500000e+00	1.950000e+01	8.260000e+00	1.386495e+02
9.500000e+00	20	5.640000e+00	9.116499e+01
9.500000e+00	2.050000e+01	8.660000e+00	1.527625e+02
9.500000e+00	21	5.880000e+00	9.959469e+01
9.500000e+00	2.150000e+01	9.060000e+00	1.676629e+02
9.500000e+00	22	6.110000e+00	1.082769e+02
9.500000e+00	2.250000e+01	9.470000e+00	1.835716e+02
9.500000e+00	23	6.320000e+00	1.169641e+02
9.500000e+00	2.350000e+01	9.910000e+00	2.009790e+02
9.500000e+00	24	6.530000e+00	1.260579e+02
9.500000e+00	2.450000e+01	1.037000e+01	2.197355e+02
9.500000e+00	25	6.730000e+00	1.353200e+02
10	0	0				0
10	5.000000e-01	0				0
10	1	0				0
10	1.500000e+00	0				0
10	2	0				0
10	2.500000e+00	0				0
10	3	0				0
10	3.500000e+00	0				0
10	4	0				0
10	4.500000e+00	0				0
10	5	0				0
10	5.500000e+00	0				0
10	6	0				0
10	6.500000e+00	0				0
10	7	0				0
10	7.500000e+00	0				0
10	8	0				0
10	8.500000e+00	0				0
10	9	0				0
10	9.500000e+00	0				0
10	10	0				0
10	1.050000e+01	0				0
10	11	0				0
10	1.150000e+01	2.990000e+00	3.169080e+01
10	12	1.690000e+00	1.780894e+01
10	1.250000e+01	4.260000e+00	4.817020e+01
10	13	2.630000e+00	2.941785e+01
10	1.350000e+01	5.120000e+00	6.170252e+01
10	14	3.300000e+00	3.915410e+01
10	1.450000e+01	5.790000e+00	7.421735e+01
10	15	3.820000e+00	4.799897e+01
10	1.550000e+01	6.350000e+00	8.637435e+01
10	16	4.260000e+00	5.660050e+01
10	1.650000e+01	6.850000e+00	9.865797e+01
10	17	4.630000e+00	6.490391e+01
10	1.750000e+01	7.310000e+00	1.112363e+02
10	18	4.970000e+00	7.339420e+01
10	1.850000e+01	7.740000e+00	1.241745e+02
10	19	5.260000e+00	8.163095e+01
10	1.950000e+01	8.150000e+00	1.375757e+02
10	20	5.530000e+00	9.004078e+01
10	2.050000e+01	8.560000e+00	1.517822e+02
10	21	5.790000e+00	9.876838e+01
10	2.150000e+01	8.970000e+00	1.667955e+02
10	22	6.020000e+00	1.073672e+02
10	2.250000e+01	9.390000e+00	1.828366e+02
10	23	6.240000e+00	1.161899e+02
10	2.350000e+01	9.830000e+00	2.001661e+02
10	24	6.450000e+00	1.252086e+02
10	2.450000e+01	1.030000e+01	2.190843e+02
10	25	6.660000e+00	1.346348e+02
1.050000e+01	0	0				0
1.050000e+01	5.000000e-01	0				0
1.050000e+01	1	0				0
1.050000e+01	1.500000e+00	0				0
1.050000e+01	2	0				0
1.050000e+01	2.500000e+00	0				0
1.050000e+01	3	0				0
1.050000e+01	3.500000e+00	0				0
1.050000e+01	4	0				0
1.050000e+01	4.500000e+00	0				0
1.050000e+01	5	0				0
1.050000e+01	5.500000e+00	0				0
1.050000e+01	6	0				0
1.050000e+01	6.500000e+00	0				0
1.050000e+01	7	0				0
1.050000e+01	7.500000e+00	0				0
1.050000e+01	8	0				0
1.050000e+01	8.500000e+00	0				0
1.050000e+01	9	0				0
1.050000e+01	9.500000e+00	0				0
1.050000e+01	10	0				0
1.050000e+01	1.050000e+01	0				0
1.050000e+01	11	0				0
1.050000e+01	1.150000e+01	1.990000e+00	2.141697e+01
1.050000e+01	12	1.010000e+00	1.082446e+01
1.050000e+01	1.250000e+01	3.750000e+00	4.293595e+01
1.050000e+01	13	2.220000e+00	2.521145e+01
1.050000e+01	1.350000e+01	4.770000e+00	5.809295e+01
1.050000e+01	14	3.010000e+00	3.619298e+01
1.050000e+01	1.450000e+01	5.530000e+00	7.154552e+01
1.050000e+01	15	3.590000e+00	4.564133e+01
1.050000e+01	1.550000e+01	6.140000e+00	8.420930e+01
1.050000e+01	16	4.070000e+00	5.464712e+01
1.050000e+01	1.650000e+01	6.680000e+00	9.693417e+01
1.050000e+01	17	4.470000e+00	6.326436e+01
1.050000e+01	1.750000e+01	7.160000e+00	1.096906e+02
1.050000e+01	18	4.830000e+00	7.195218e+01
1.050000e+01	1.850000e+01	7.610000e+00	1.228448e+02
1.050000e+01	19	5.140000e+00	8.042238e+01
1.050000e+01	1.950000e+01	8.040000e+00	1.365007e+02
1.050000e+01	20	5.420000e+00	8.891284e+01
1.050000e+01	2.050000e+01	8.460000e+00	1.508010e+02
1.050000e+01	21	5.690000e+00	9.773907e+01
1.050000e+01	2.150000e+01	8.880000e+00	1.659274e+02
1.050000e+01	22	5.930000e+00	1.064550e+02
1.050000e+01	2.250000e+01	9.300000e+00	1.818811e+02
1.050000e+01	23	6.160000e+00	1.154137e+02
1.050000e+01	2.350000e+01	9.750000e+00	1.993529e+02
1.050000e+01	24	6.380000e+00	1.245875e+02
1.050000e+01	2.450000e+01	1.022000e+01	2.181930e+02
1.050000e+01	25	6.580000e+00	1.337081e+02
11	0	0				0
11	5.000000e-01	0				0
11	1	0				0
11	1.500000e+00	0				0
11	2	0				0
11	2.500000e+00	0				0
11	3	0				0
11	3.500000e+00	0				0
11	4	0				0
11	4.500000e+00	0				0
11	5	0				0
11	5.500000e+00	0				0
11	6	0				0
11	6.500000e+00	0				0
11	7	0				0
11	7.500000e+00	0				0
11	8	0				0
11	8.500000e+00	0				0
11	9	0				0
11	9.500000e+00	0				0
11	10	0				0
11	1.050000e+01	0				0
11	11	0				0
11	1.150000e+01	0				0
11	12	0				0
11	1.250000e+01	3.070000e+00	3.561233e+01
11	13	1.710000e+00	1.972519e+01
11	1.350000e+01	4.360000e+00	5.368439e+01
11	14	2.660000e+00	3.241408e+01
11	1.450000e+01	5.230000e+00	6.830401e+01
11	15	3.340000e+00	4.298197e+01
11	1.550000e+01	5.910000e+00	8.173857e+01
11	16	3.860000e+00	5.237975e+01
11	1.650000e+01	6.490000e+00	9.488673e+01
11	17	4.300000e+00	6.145513e+01
11	1.750000e+01	7	1.079724e+02
11	18	4.680000e+00	7.033312e+01
11	1.850000e+01	7.470000e+00	1.213334e+02
11	19	5.010000e+00	7.902848e+01
11	1.950000e+01	7.910000e+00	1.350445e+02
11	20	5.310000e+00	8.778077e+01
11	2.050000e+01	8.350000e+00	1.496190e+02
11	21	5.580000e+00	9.650645e+01
11	2.150000e+01	8.780000e+00	1.648487e+02
11	22	5.840000e+00	1.055402e+02
11	2.250000e+01	9.210000e+00	1.809252e+02
11	23	6.070000e+00	1.144153e+02
11	2.350000e+01	9.660000e+00	1.983092e+02
11	24	6.300000e+00	1.237346e+02
11	2.450000e+01	1.015000e+01	2.175413e+02
11	25	6.510000e+00	1.330199e+02
1.150000e+01	0	0				0
1.150000e+01	5.000000e-01	0				0
1.150000e+01	1	0				0
1.150000e+01	1.500000e+00	0				0
1.150000e+01	2	0				0
1.150000e+01	2.500000e+00	0				0
1.150000e+01	3	0				0
1.150000e+01	3.500000e+00	0				0
1.150000e+01	4	0				0
1.150000e+01	4.500000e+00	0				0
1.150000e+01	5	0				0
1.150000e+01	5.500000e+00	0				0
1.150000e+01	6	0				0
1.150000e+01	6.500000e+00	0				0
1.150000e+01	7	0				0
1.150000e+01	7.500000e+00	0				0
1.150000e+01	8	0				0
1.150000e+01	8.500000e+00	0				0
1.150000e+01	9	0				0
1.150000e+01	9.500000e+00	0				0
1.150000e+01	10	0				0
1.150000e+01	1.050000e+01	0				0
1.150000e+01	11	0				0
1.150000e+01	1.150000e+01	0				0
1.150000e+01	12	0				0
1.150000e+01	1.250000e+01	2.060000e+00	2.423003e+01
1.150000e+01	13	1.030000e+00	1.206601e+01
1.150000e+01	1.350000e+01	3.850000e+00	4.794733e+01
1.150000e+01	14	2.250000e+00	2.780234e+01
1.150000e+01	1.450000e+01	4.890000e+00	6.448958e+01
1.150000e+01	15	3.040000e+00	3.959462e+01
1.150000e+01	1.550000e+01	5.650000e+00	7.881071e+01
1.150000e+01	16	3.630000e+00	4.979526e+01
1.150000e+01	1.650000e+01	6.280000e+00	9.251492e+01
1.150000e+01	17	4.110000e+00	5.931444e+01
1.150000e+01	1.750000e+01	6.820000e+00	1.059113e+02
1.150000e+01	18	4.520000e+00	6.853591e+01
1.150000e+01	1.850000e+01	7.320000e+00	1.196400e+02
1.150000e+01	19	4.870000e+00	7.744854e+01
1.150000e+01	1.950000e+01	7.780000e+00	1.335870e+02
1.150000e+01	20	5.190000e+00	8.645406e+01
1.150000e+01	2.050000e+01	8.230000e+00	1.482359e+02
1.150000e+01	21	5.470000e+00	9.527019e+01
1.150000e+01	2.150000e+01	8.670000e+00	1.635592e+02
1.150000e+01	22	5.740000e+00	1.044124e+02
1.150000e+01	2.250000e+01	9.120000e+00	1.799687e+02
1.150000e+01	23	5.980000e+00	1.134146e+02
1.150000e+01	2.350000e+01	9.580000e+00	1.974952e+02
1.150000e+01	24	6.210000e+00	1.226497e+02
1.150000e+01	2.450000e+01	1.006000e+01	2.164094e+02
1.150000e+01	25	6.430000e+00	1.320901e+02
12	0	0				0
12	5.000000e-01	0				0
12	1	0				0
12	1.500000e+00	0				0
12	2	0				0
12	2.500000e+00	0				0
12	3	0				0
12	3.500000e+00	0				0
12	4	0				0
12	4.500000e+00	0				0
12	5	0				0
12	5.500000e+00	0				0
12	6	0				0
12	6.500000e+00	0				0
12	7	0				0
12	7.500000e+00	0				0
12	8	0				0
12	8.500000e+00	0				0
12	9	0				0
12	9.500000e+00	0				0
12	10	0				0
12	1.050000e+01	0				0
12	11	0				0
12	1.150000e+01	0				0
12	12	0				0
12	1.250000e+01	0				0
12	13	0				0
12	1.350000e+01	3.170000e+00	3.995274e+01
12	14	1.730000e+00	2.168123e+01
12	1.450000e+01	4.470000e+00	5.953704e+01
12	15	2.690000e+00	3.546994e+01
12	1.550000e+01	5.360000e+00	7.542371e+01
12	16	3.370000e+00	4.673934e+01
12	1.650000e+01	6.050000e+00	8.981777e+01
12	17	3.900000e+00	5.683998e+01
12	1.750000e+01	6.630000e+00	1.036769e+02
12	18	4.340000e+00	6.638918e+01
12	1.850000e+01	7.160000e+00	1.177644e+02
12	19	4.720000e+00	7.568167e+01
12	1.950000e+01	7.640000e+00	1.319378e+02
12	20	5.050000e+00	8.474211e+01
12	2.050000e+01	8.110000e+00	1.468517e+02
12	21	5.360000e+00	9.402989e+01
12	2.150000e+01	8.560000e+00	1.622689e+02
12	22	5.630000e+00	1.030714e+02
12	2.250000e+01	9.020000e+00	1.787916e+02
12	23	5.890000e+00	1.124112e+02
12	2.350000e+01	9.490000e+00	1.964507e+02
12	24	6.130000e+00	1.217927e+02
12	2.450000e+01	9.980000e+00	2.155171e+02
12	25	6.350000e+00	1.311584e+02
1.250000e+01	0	0				0
1.250000e+01	5.000000e-01	0				0
1.250000e+01	1	0				0
1.250000e+01	1.500000e+00	0				0
1.250000e+01	2	0				0
1.250000e+01	2.500000e+00	0				0
1.250000e+01	3	0				0
1.250000e+01	3.500000e+00	0				0
1.250000e+01	4	0				0
1.250000e+01	4.500000e+00	0				0
1.250000e+01	5	0				0
1.250000e+01	5.500000e+00	0				0
1.250000e+01	6	0				0
1.250000e+01	6.500000e+00	0				0
1.250000e+01	7	0				0
1.250000e+01	7.500000e+00	0				0
1.250000e+01	8	0				0
1.250000e+01	8.500000e+00	0				0
1.250000e+01	9	0				0
1.250000e+01	9.500000e+00	0				0
1.250000e+01	10	0				0
1.250000e+01	1.050000e+01	0				0
1.250000e+01	11	0				0
1.250000e+01	1.150000e+01	0				0
1.250000e+01	12	0				0
1.250000e+01	1.250000e+01	0				0
1.250000e+01	13	0				0
1.250000e+01	1.350000e+01	2.140000e+00	2.731233e+01
1.250000e+01	14	1.050000e+00	1.334745e+01
1.250000e+01	1.450000e+01	3.960000e+00	5.329729e+01
1.250000e+01	15	2.280000e+00	3.045291e+01
1.250000e+01	1.550000e+01	5.010000e+00	7.112446e+01
1.250000e+01	16	3.070000e+00	4.305582e+01
1.250000e+01	1.650000e+01	5.790000e+00	8.663393e+01
1.250000e+01	17	3.670000e+00	5.402867e+01
1.250000e+01	1.750000e+01	6.430000e+00	1.012683e+02
1.250000e+01	18	4.150000e+00	6.406119e+01
1.250000e+01	1.850000e+01	6.980000e+00	1.155261e+02
1.250000e+01	19	4.560000e+00	7.372682e+01
1.250000e+01	1.950000e+01	7.490000e+00	1.300968e+02
1.250000e+01	20	4.920000e+00	8.321425e+01
1.250000e+01	2.050000e+01	7.980000e+00	1.452662e+02
1.250000e+01	21	5.230000e+00	9.238502e+01
1.250000e+01	2.150000e+01	8.440000e+00	1.607677e+02
1.250000e+01	22	5.520000e+00	1.017268e+02
1.250000e+01	2.250000e+01	8.910000e+00	1.773938e+02
1.250000e+01	23	5.790000e+00	1.111850e+02
1.250000e+01	2.350000e+01	9.390000e+00	1.951758e+02
1.250000e+01	24	6.030000e+00	1.204733e+02
1.250000e+01	2.450000e+01	9.890000e+00	2.143845e+02
1.250000e+01	25	6.270000e+00	1.302249e+02
13	0	0				0
13	5.000000e-01	0				0
13	1	0				0
13	1.500000e+00	0				0
13	2	0				0
13	2.500000e+00	0				0
13	3	0				0
13	3.500000e+00	0				0
13	4	0				0
13	4.500000e+00	0				0
13	5	0				0
13	5.500000e+00	0				0
13	6	0				0
13	6.500000e+00	0				0
13	7	0				0
13	7.500000e+00	0				0
13	8	0				0
13	8.500000e+00	0				0
13	9	0				0
13	9.500000e+00	0				0
13	10	0				0
13	1.050000e+01	0				0
13	11	0				0
13	1.150000e+01	0				0
13	12	0				0
13	1.250000e+01	0				0
13	13	0				0
13	1.350000e+01	0				0
13	14	0				0
13	1.450000e+01	3.270000e+00	4.449193e+01
13	15	1.760000e+00	2.381704e+01
13	1.550000e+01	4.590000e+00	6.575803e+01
13	16	2.730000e+00	3.873542e+01
13	1.650000e+01	5.490000e+00	8.280147e+01
13	17	3.410000e+00	5.071625e+01
13	1.750000e+01	6.190000e+00	9.817481e+01
13	18	3.940000e+00	6.137967e+01
13	1.850000e+01	6.790000e+00	1.131046e+02
13	19	4.390000e+00	7.158263e+01
13	1.950000e+01	7.330000e+00	1.280637e+02
13	20	4.770000e+00	8.129960e+01
13	2.050000e+01	7.840000e+00	1.434793e+02
13	21	5.100000e+00	9.073505e+01
13	2.150000e+01	8.320000e+00	1.592655e+02
13	22	5.400000e+00	1.001683e+02
13	2.250000e+01	8.800000e+00	1.759953e+02
13	23	5.680000e+00	1.097356e+02
13	2.350000e+01	9.290000e+00	1.939003e+02
13	24	5.940000e+00	1.193814e+02
13	2.450000e+01	9.800000e+00	2.132515e+02
13	25	6.180000e+00	1.290492e+02
1.350000e+01	0	0				0
1.350000e+01	5.000000e-01	0				0
1.350000e+01	1	0				0
1.350000e+01	1.500000e+00	0				0
1.350000e+01	2	0				0
1.350000e+01	2.500000e+00	0				0
1.350000e+01	3	0				0
1.350000e+01	3.500000e+00	0				0
1.350000e+01	4	0				0
1.350000e+01	4.500000e+00	0				0
1.350000e+01	5	0				0
1.350000e+01	5.500000e+00	0				0
1.350000e+01	6	0				0
1.350000e+01	6.500000e+00	0				0
1.350000e+01	7	0				0
1.350000e+01	7.500000e+00	0				0
1.350000e+01	8	0				0
1.350000e+01	8.500000e+00	0				0
1.350000e+01	9	0				0
1.350000e+01	9.500000e+00	0				0
1.350000e+01	10	0				0
1.350000e+01	1.050000e+01	0				0
1.350000e+01	11	0				0
1.350000e+01	1.150000e+01	0				0
1.350000e+01	12	0				0
1.350000e+01	1.250000e+01	0				0
1.350000e+01	13	0				0
1.350000e+01	1.350000e+01	0				0
1.350000e+01	14	0				0
1.350000e+01	1.450000e+01	2.220000e+00	3.055382e+01
1.350000e+01	15	1.060000e+00	1.452876e+01
1.350000e+01	1.550000e+01	4.070000e+00	5.886571e+01
1.350000e+01	16	2.310000e+00	3.316316e+01
1.350000e+01	1.650000e+01	5.140000e+00	7.815746e+01
1.350000e+01	17	3.110000e+00	4.673659e+01
1.350000e+01	1.750000e+01	5.930000e+00	9.473501e+01
1.350000e+01	18	3.710000e+00	5.834156e+01
1.350000e+01	1.850000e+01	6.580000e+00	1.103194e+02
1.350000e+01	19	4.190000e+00	6.888735e+01
1.350000e+01	1.950000e+01	7.160000e+00	1.258382e+02
1.350000e+01	20	4.600000e+00	7.899709e+01
1.350000e+01	2.050000e+01	7.690000e+00	1.414907e+02
1.350000e+01	21	4.960000e+00	8.887926e+01
1.350000e+01	2.150000e+01	8.190000e+00	1.575521e+02
1.350000e+01	22	5.280000e+00	9.860527e+01
1.350000e+01	2.250000e+01	8.680000e+00	1.743760e+02
1.350000e+01	23	5.570000e+00	1.082827e+02
1.350000e+01	2.350000e+01	9.190000e+00	1.926242e+02
1.350000e+01	24	5.840000e+00	1.180567e+02
1.350000e+01	2.450000e+01	9.710000e+00	2.121181e+02
1.350000e+01	25	6.090000e+00	1.278713e+02
14	0	0				0
14	5.000000e-01	0				0
14	1	0				0
14	1.500000e+00	0				0
14	2	0				0
14	2.500000e+00	0				0
14	3	0				0
14	3.500000e+00	0				0
14	4	0				0
14	4.500000e+00	0				0
14	5	0				0
14	5.500000e+00	0				0
14	6	0				0
14	6.500000e+00	0				0
14	7	0				0
14	7.500000e+00	0				0
14	8	0				0
14	8.500000e+00	0				0
14	9	0				0
14	9.500000e+00	0				0
14	10	0				0
14	1.050000e+01	0				0
14	11	0				0
14	1.150000e+01	0				0
14	12	0				0
14	1.250000e+01	0				0
14	13	0				0
14	1.350000e+01	0				0
14	14	0				0
14	1.450000e+01	0				0
14	15	0				0
14	1.550000e+01	3.370000e+00	4.922978e+01
14	16	1.790000e+00	2.601262e+01
14	1.650000e+01	4.720000e+00	7.237722e+01
14	17	2.760000e+00	4.192048e+01
14	1.750000e+01	5.630000e+00	9.060713e+01
14	18	3.450000e+00	5.477265e+01
14	1.850000e+01	6.350000e+00	1.071695e+02
14	19	3.980000e+00	6.599878e+01
14	1.950000e+01	6.970000e+00	1.232298e+02
14	20	4.430000e+00	7.668544e+01
14	2.050000e+01	7.520000e+00	1.391002e+02
14	21	4.810000e+00	8.681683e+01
14	2.150000e+01	8.050000e+00	1.556275e+02
14	22	5.150000e+00	9.682728e+01
14	2.250000e+01	8.560000e+00	1.727557e+02
14	23	5.450000e+00	1.066059e+02
14	2.350000e+01	9.070000e+00	1.908875e+02
14	24	5.730000e+00	1.164989e+02
14	2.450000e+01	9.610000e+00	2.107442e+02
14	25	5.990000e+00	1.264509e+02
1.450000e+01	0	0				0
1.450000e+01	5.000000e-01	0				0
1.450000e+01	1	0				0
1.450000e+01	1.500000e+00	0				0
1.450000e+01	2	0				0
1.450000e+01	2.500000e+00	0				0
1.450000e+01	3	0				0
1.450000e+01	3.500000e+00	0				0
1.450000e+01	4	0				0
1.450000e+01	4.500000e+00	0				0
1.450000e+01	5	0				0
1.450000e+01	5.500000e+00	0				0
1.450000e+01	6	0				0
1.450000e+01	6.500000e+00	0				0
1.450000e+01	7	0				0
1.450000e+01	7.500000e+00	0				0
1.450000e+01	8	0				0
1.450000e+01	8.500000e+00	0				0
1.450000e+01	9	0				0
1.450000e+01	9.500000e+00	0				0
1.450000e+01	10	0				0
1.450000e+01	1.050000e+01	0				0
1.450000e+01	11	0				0
1.450000e+01	1.150000e+01	0				0
1.450000e+01	12	0				0
1.450000e+01	1.250000e+01	0				0
1.450000e+01	13	0				0
1.450000e+01	1.350000e+01	0				0
1.450000e+01	14	0				0
1.450000e+01	1.450000e+01	0				0
1.450000e+01	15	0				0
1.450000e+01	1.550000e+01	2.310000e+00	3.410439e+01
1.450000e+01	16	1.080000e+00	1.587996e+01
1.450000e+01	1.650000e+01	4.190000e+00	6.481245e+01
1.450000e+01	17	2.340000e+00	3.593306e+01
1.450000e+01	1.750000e+01	5.280000e+00	8.561842e+01
1.450000e+01	18	3.150000e+00	5.049689e+01
1.450000e+01	1.850000e+01	6.090000e+00	1.034738e+02
1.450000e+01	19	3.750000e+00	6.273389e+01
1.450000e+01	1.950000e+01	6.760000e+00	1.202378e+02
1.450000e+01	20	4.240000e+00	7.398291e+01
1.450000e+01	2.050000e+01	7.350000e+00	1.367074e+02
1.450000e+01	21	4.650000e+00	8.454672e+01
1.450000e+01	2.150000e+01	7.900000e+00	1.534913e+02
1.450000e+01	22	5.010000e+00	9.483359e+01
1.450000e+01	2.250000e+01	8.430000e+00	1.709145e+02
1.450000e+01	23	5.330000e+00	1.049248e+02
1.450000e+01	2.350000e+01	8.960000e+00	1.893800e+02
1.450000e+01	24	5.620000e+00	1.149378e+02
1.450000e+01	2.450000e+01	9.500000e+00	2.091298e+02
1.450000e+01	25	5.890000e+00	1.250277e+02
15	0	0				0
15	5.000000e-01	0				0
15	1	0				0
15	1.500000e+00	0				0
15	2	0				0
15	2.500000e+00	0				0
15	3	0				0
15	3.500000e+00	0				0
15	4	0				0
15	4.500000e+00	0				0
15	5	0				0
15	5.500000e+00	0				0
15	6	0				0
15	6.500000e+00	0				0
15	7	0				0
15	7.500000e+00	0				0
15	8	0				0
15	8.500000e+00	0				0
15	9	0				0
15	9.500000e+00	0				0
15	10	0				0
15	1.050000e+01	0				0
15	11	0				0
15	1.150000e+01	0				0
15	12	0				0
15	1.250000e+01	0				0
15	13	0				0
15	1.350000e+01	0				0
15	14	0				0
15	1.450000e+01	0				0
15	15	0				0
15	1.550000e+01	0				0
15	16	0				0
15	1.650000e+01	3.490000e+00	5.448618e+01
15	17	1.810000e+00	2.810792e+01
15	1.750000e+01	4.860000e+00	7.942446e+01
15	18	2.800000e+00	4.533515e+01
15	1.850000e+01	5.790000e+00	9.905051e+01
15	19	3.490000e+00	5.890853e+01
15	1.950000e+01	6.520000e+00	1.166716e+02
15	20	4.030000e+00	7.088731e+01
15	2.050000e+01	7.160000e+00	1.339120e+02
15	21	4.470000e+00	8.186760e+01
15	2.150000e+01	7.740000e+00	1.511434e+02
15	22	4.860000e+00	9.262339e+01
15	2.250000e+01	8.290000e+00	1.688520e+02
15	23	5.200000e+00	1.030188e+02
15	2.350000e+01	8.830000e+00	1.874118e+02
15	24	5.510000e+00	1.133728e+02
15	2.450000e+01	9.390000e+00	2.075149e+02
15	25	5.790000e+00	1.236015e+02
1.550000e+01	0	0				0
1.550000e+01	5.000000e-01	0				0
1.550000e+01	1	0				0
1.550000e+01	1.500000e+00	0				0
1.550000e+01	2	0				0
1.550000e+01	2.500000e+00	0				0
1.550000e+01	3	0				0
1.550000e+01	3.500000e+00	0				0
1.550000e+01	4	0				0
1.550000e+01	4.500000e+00	0				0
1.550000e+01	5	0				0
1.550000e+01	5.500000e+00	0				0
1.550000e+01	6	0				0
1.550000e+01	6.500000e+00	0				0
1.550000e+01	7	0				0
1.550000e+01	7.500000e+00	0				0
1.550000e+01	8	0				0
1.550000e+01	8.500000e+00	0				0
1.550000e+01	9	0				0
1.550000e+01	9.500000e+00	0				0
1.550000e+01	10	0				0
1.550000e+01	1.050000e+01	0				0
1.550000e+01	11	0				0
1.550000e+01	1.150000e+01	0				0
1.550000e+01	12	0				0
1.550000e+01	1.250000e+01	0				0
1.550000e+01	13	0				0
1.550000e+01	1.350000e+01	0				0
1.550000e+01	14	0				0
1.550000e+01	1.450000e+01	0				0
1.550000e+01	15	0				0
1.550000e+01	1.550000e+01	0				0
1.550000e+01	16	0				0
1.550000e+01	1.650000e+01	2.410000e+00	3.799394e+01
1.550000e+01	17	1.100000e+00	1.727105e+01
1.550000e+01	1.750000e+01	4.330000e+00	7.133737e+01
1.550000e+01	18	2.370000e+00	3.876261e+01
1.550000e+01	1.850000e+01	5.430000e+00	9.353717e+01
1.550000e+01	19	3.190000e+00	5.433671e+01
1.550000e+01	1.950000e+01	6.260000e+00	1.127200e+02
1.550000e+01	20	3.790000e+00	6.720566e+01
1.550000e+01	2.050000e+01	6.950000e+00	1.307134e+02
1.550000e+01	21	4.280000e+00	7.897783e+01
1.550000e+01	2.150000e+01	7.560000e+00	1.483734e+02
1.550000e+01	22	4.700000e+00	9.019567e+01
1.550000e+01	2.250000e+01	8.140000e+00	1.665683e+02
1.550000e+01	23	5.060000e+00	1.008872e+02
1.550000e+01	2.350000e+01	8.700000e+00	1.854427e+02
1.550000e+01	24	5.380000e+00	1.113435e+02
1.550000e+01	2.450000e+01	9.270000e+00	2.056594e+02
1.550000e+01	25	5.680000e+00	1.219321e+02
16	0	0				0
16	5.000000e-01	0				0
16	1	0				0
16	1.500000e+00	0				0
16	2	0				0
16	2.500000e+00	0				0
16	3	0				0
16	3.500000e+00	0				0
16	4	0				0
16	4.500000e+00	0				0
16	5	0				0
16	5.500000e+00	0				0
16	6	0				0
16	6.500000e+00	0				0
16	7	0				0
16	7.500000e+00	0				0
16	8	0				0
16	8.500000e+00	0				0
16	9	0				0
16	9.500000e+00	0				0
16	10	0				0
16	1.050000e+01	0				0
16	11	0				0
16	1.150000e+01	0				0
16	12	0				0
16	1.250000e+01	0				0
16	13	0				0
16	1.350000e+01	0				0
16	14	0				0
16	1.450000e+01	0				0
16	15	0				0
16	1.550000e+01	0				0
16	16	0				0
16	1.650000e+01	0				0
16	17	0				0
16	1.750000e+01	3.610000e+00	5.998096e+01
16	18	1.840000e+00	3.041298e+01
16	1.850000e+01	5.010000e+00	8.692957e+01
16	19	2.830000e+00	4.864935e+01
16	1.950000e+01	5.960000e+00	1.080014e+02
16	20	3.530000e+00	6.312387e+01
16	2.050000e+01	6.710000e+00	1.269109e+02
16	21	4.070000e+00	7.567522e+01
16	2.150000e+01	7.370000e+00	1.453910e+02
16	22	4.520000e+00	8.733911e+01
16	2.250000e+01	7.980000e+00	1.640630e+02
16	23	4.910000e+00	9.852924e+01
16	2.350000e+01	8.560000e+00	1.832425e+02
16	24	5.250000e+00	1.093095e+02
16	2.450000e+01	9.150000e+00	2.038032e+02
16	25	5.560000e+00	1.200189e+02
1.650000e+01	0	0				0
1.650000e+01	5.000000e-01	0				0
1.650000e+01	1	0				0
1.650000e+01	1.500000e+00	0				0
1.650000e+01	2	0				0
1.650000e+01	2.500000e+00	0				0
1.650000e+01	3	0				0
1.650000e+01	3.500000e+00	0				0
1.650000e+01	4	0				0
1.650000e+01	4.500000e+00	0				0
1.650000e+01	5	0				0
1.650000e+01	5.500000e+00	0				0
1.650000e+01	6	0				0
1.650000e+01	6.500000e+00	0				0
1.650000e+01	7	0				0
1.650000e+01	7.500000e+00	0				0
1.650000e+01	8	0				0
1.650000e+01	8.500000e+00	0				0
1.650000e+01	9	0				0
1.650000e+01	9.500000e+00	0				0
1.650000e+01	10	0				0
1.650000e+01	1.050000e+01	0				0
1.650000e+01	11	0				0
1.650000e+01	1.150000e+01	0				0
1.650000e+01	12	0				0
1.650000e+01	1.250000e+01	0				0
1.650000e+01	13	0				0
1.650000e+01	1.350000e+01	0				0
1.650000e+01	14	0				0
1.650000e+01	1.450000e+01	0				0
1.650000e+01	15	0				0
1.650000e+01	1.550000e+01	0				0
1.650000e+01	16	0				0
1.650000e+01	1.650000e+01	0				0
1.650000e+01	17	0				0
1.650000e+01	1.750000e+01	2.510000e+00	4.208234e+01
1.650000e+01	18	1.120000e+00	1.870200e+01
1.650000e+01	1.850000e+01	4.470000e+00	7.814028e+01
1.650000e+01	19	2.410000e+00	4.183181e+01
1.650000e+01	1.950000e+01	5.600000e+00	1.021335e+02
1.650000e+01	20	3.230000e+00	5.825603e+01
1.650000e+01	2.050000e+01	6.450000e+00	1.227034e+02
1.650000e+01	21	3.840000e+00	7.195686e+01
1.650000e+01	2.150000e+01	7.160000e+00	1.419858e+02
1.650000e+01	22	4.330000e+00	8.426211e+01
1.650000e+01	2.250000e+01	7.800000e+00	1.611158e+02
1.650000e+01	23	4.750000e+00	9.594391e+01
1.650000e+01	2.350000e+01	8.410000e+00	1.808112e+02
1.650000e+01	24	5.110000e+00	1.070401e+02
1.650000e+01	2.450000e+01	9.020000e+00	2.017062e+02
1.650000e+01	25	5.430000e+00	1.178615e+02
17	0	0				0
17	5.000000e-01	0				0
17	1	0				0
17	1.500000e+00	0				0
17	2	0				0
17	2.500000e+00	0				0
17	3	0				0
17	3.500000e+00	0				0
17	4	0				0
17	4.500000e+00	0				0
17	5	0				0
17	5.500000e+00	0				0
17	6	0				0
17	6.500000e+00	0				0
17	7	0				0
17	7.500000e+00	0				0
17	8	0				0
17	8.500000e+00	0				0
17	9	0				0
17	9.500000e+00	0				0
17	10	0				0
17	1.050000e+01	0				0
17	11	0				0
17	1.150000e+01	0				0
17	12	0				0
17	1.250000e+01	0				0
17	13	0				0
17	1.350000e+01	0				0
17	14	0				0
17	1.450000e+01	0				0
17	15	0				0
17	1.550000e+01	0				0
17	16	0				0
17	1.650000e+01	0				0
17	17	0				0
17	1.750000e+01	0				0
17	18	0				0
17	1.850000e+01	3.750000e+00	6.607397e+01
17	19	1.870000e+00	3.277777e+01
17	1.950000e+01	5.170000e+00	9.492232e+01
17	20	2.870000e+00	5.221313e+01
17	2.050000e+01	6.140000e+00	1.174895e+02
17	21	3.570000e+00	6.741866e+01
17	2.150000e+01	6.920000e+00	1.379470e+02
17	22	4.120000e+00	8.075251e+01
17	2.250000e+01	7.610000e+00	1.579465e+02
17	23	4.570000e+00	9.290994e+01
17	2.350000e+01	8.250000e+00	1.781485e+02
17	24	4.960000e+00	1.045344e+02
17	2.450000e+01	8.880000e+00	1.993683e+02
17	25	5.300000e+00	1.156995e+02
1.750000e+01	0	0				0
1.750000e+01	5.000000e-01	0				0
1.750000e+01	1	0				0
1.750000e+01	1.500000e+00	0				0
1.750000e+01	2	0				0
1.750000e+01	2.500000e+00	0				0
1.750000e+01	3	0				0
1.750000e+01	3.500000e+00	0				0
1.750000e+01	4	0				0
1.750000e+01	4.500000e+00	0				0
1.750000e+01	5	0				0
1.750000e+01	5.500000e+00	0				0
1.750000e+01	6	0				0
1.750000e+01	6.500000e+00	0				0
1.750000e+01	7	0				0
1.750000e+01	7.500000e+00	0				0
1.750000e+01	8	0				0
1.750000e+01	8.500000e+00	0				0
1.750000e+01	9	0				0
1.750000e+01	9.500000e+00	0				0
1.750000e+01	10	0				0
1.750000e+01	1.050000e+01	0				0
1.750000e+01	11	0				0
1.750000e+01	1.150000e+01	0				0
1.750000e+01	12	0				0
1.750000e+01	1.250000e+01	0				0
1.750000e+01	13	0				0
1.750000e+01	1.350000e+01	0				0
1.750000e+01	14	0				0
1.750000e+01	1.450000e+01	0				0
1.750000e+01	15	0				0
1.750000e+01	1.550000e+01	0				0
1.750000e+01	16	0				0
1.750000e+01	1.650000e+01	0				0
1.750000e+01	17	0				0
1.750000e+01	1.750000e+01	0				0
1.750000e+01	18	0				0
1.750000e+01	1.850000e+01	2.630000e+00	4.672946e+01
1.750000e+01	19	1.140000e+00	2.017282e+01
1.750000e+01	1.950000e+01	4.630000e+00	8.560098e+01
1.750000e+01	20	2.440000e+00	4.479061e+01
1.750000e+01	2.050000e+01	5.790000e+00	1.114671e+02
1.750000e+01	21	3.270000e+00	6.225483e+01
1.750000e+01	2.150000e+01	6.660000e+00	1.334837e+02
1.750000e+01	22	3.880000e+00	7.659743e+01
1.750000e+01	2.250000e+01	7.390000e+00	1.541147e+02
1.750000e+01	23	4.380000e+00	8.964573e+01
1.750000e+01	2.350000e+01	8.070000e+00	1.750242e+02
1.750000e+01	24	4.790000e+00	1.015614e+02
1.750000e+01	2.450000e+01	8.720000e+00	1.965494e+02
1.750000e+01	25	5.160000e+00	1.132921e+02
18	0	0				0
18	5.000000e-01	0				0
18	1	0				0
18	1.500000e+00	0				0
18	2	0				0
18	2.500000e+00	0				0
18	3	0				0
18	3.500000e+00	0				0
18	4	0				0
18	4.500000e+00	0				0
18	5	0				0
18	5.500000e+00	0				0
18	6	0				0
18	6.500000e+00	0				0
18	7	0				0
18	7.500000e+00	0				0
18	8	0				0
18	8.500000e+00	0				0
18	9	0				0
18	9.500000e+00	0				0
18	10	0				0
18	1.050000e+01	0				0
18	11	0				0
18	1.150000e+01	0				0
18	12	0				0
18	1.250000e+01	0				0
18	13	0				0
18	1.350000e+01	0				0
18	14	0				0
18	1.450000e+01	0				0
18	15	0				0
18	1.550000e+01	0				0
18	16	0				0
18	1.650000e+01	0				0
18	17	0				0
18	1.750000e+01	0				0
18	18	0				0
18	1.850000e+01	0				0
18	19	0				0
18	1.950000e+01	3.900000e+00	7.263500e+01
18	20	1.900000e+00	3.520227e+01
18	2.050000e+01	5.360000e+00	1.038325e+02
18	21	2.910000e+00	5.585644e+01
18	2.150000e+01	6.350000e+00	1.279646e+02
18	22	3.610000e+00	7.179288e+01
18	2.250000e+01	7.160000e+00	1.500596e+02
18	23	4.160000e+00	8.570914e+01
18	2.350000e+01	7.880000e+00	1.716680e+02
18	24	4.620000e+00	9.858005e+01
18	2.450000e+01	8.560000e+00	1.937293e+02
18	25	5.010000e+00	1.106387e+02
1.850000e+01	0	0				0
1.850000e+01	5.000000e-01	0				0
1.850000e+01	1	0				0
1.850000e+01	1.500000e+00	0				0
1.850000e+01	2	0				0
1.850000e+01	2.500000e+00	0				0
1.850000e+01	3	0				0
1.850000e+01	3.500000e+00	0				0
1.850000e+01	4	0				0
1.850000e+01	4.500000e+00	0				0
1.850000e+01	5	0				0
1.850000e+01	5.500000e+00	0				0
1.850000e+01	6	0				0
1.850000e+01	6.500000e+00	0				0
1.850000e+01	7	0				0
1.850000e+01	7.500000e+00	0				0
1.850000e+01	8	0				0
1.850000e+01	8.500000e+00	0				0
1.850000e+01	9	0				0
1.850000e+01	9.500000e+00	0				0
1.850000e+01	10	0				0
1.850000e+01	1.050000e+01	0				0
1.850000e+01	11	0				0
1.850000e+01	1.150000e+01	0				0
1.850000e+01	12	0				0
1.850000e+01	1.250000e+01	0				0
1.850000e+01	13	0				0
1.850000e+01	1.350000e+01	0				0
1.850000e+01	14	0				0
1.850000e+01	1.450000e+01	0				0
1.850000e+01	15	0				0
1.850000e+01	1.550000e+01	0				0
1.850000e+01	16	0				0
1.850000e+01	1.650000e+01	0				0
1.850000e+01	17	0				0
1.850000e+01	1.750000e+01	0				0
1.850000e+01	18	0				0
1.850000e+01	1.850000e+01	0				0
1.850000e+01	19	0				0
1.850000e+01	1.950000e+01	2.760000e+00	5.180512e+01
1.850000e+01	20	1.160000e+00	2.168349e+01
1.850000e+01	2.050000e+01	4.810000e+00	9.377921e+01
1.850000e+01	21	2.480000e+00	4.800903e+01
1.850000e+01	2.150000e+01	5.990000e+00	1.213877e+02
1.850000e+01	22	3.310000e+00	6.633310e+01
1.850000e+01	2.250000e+01	6.890000e+00	1.451205e+02
1.850000e+01	23	3.930000e+00	8.153740e+01
1.850000e+01	2.350000e+01	7.660000e+00	1.676195e+02
1.850000e+01	24	4.420000e+00	9.489863e+01
1.850000e+01	2.450000e+01	8.380000e+00	1.904278e+02
1.850000e+01	25	4.850000e+00	1.077382e+02
19	0	0				0
19	5.000000e-01	0				0
19	1	0				0
19	1.500000e+00	0				0
19	2	0				0
19	2.500000e+00	0				0
19	3	0				0
19	3.500000e+00	0				0
19	4	0				0
19	4.500000e+00	0				0
19	5	0				0
19	5.500000e+00	0				0
19	6	0				0
19	6.500000e+00	0				0
19	7	0				0
19	7.500000e+00	0				0
19	8	0				0
19	8.500000e+00	0				0
19	9	0				0
19	9.500000e+00	0				0
19	10	0				0
19	1.050000e+01	0				0
19	11	0				0
19	1.150000e+01	0				0
19	12	0				0
19	1.250000e+01	0				0
19	13	0				0
19	1.350000e+01	0				0
19	14	0				0
19	1.450000e+01	0				0
19	15	0				0
19	1.550000e+01	0				0
19	16	0				0
19	1.650000e+01	0				0
19	17	0				0
19	1.750000e+01	0				0
19	18	0				0
19	1.850000e+01	0				0
19	19	0				0
19	1.950000e+01	0				0
19	20	0				0
19	2.050000e+01	4.070000e+00	7.989380e+01
19	21	1.930000e+00	3.768648e+01
19	2.150000e+01	5.560000e+00	1.133297e+02
19	22	2.950000e+00	5.957927e+01
19	2.250000e+01	6.580000e+00	1.392963e+02
19	23	3.660000e+00	7.646651e+01
19	2.350000e+01	7.430000e+00	1.633382e+02
19	24	4.210000e+00	9.097512e+01
19	2.450000e+01	8.190000e+00	1.868848e+02
19	25	4.670000e+00	1.043494e+02
1.950000e+01	0	0				0
1.950000e+01	5.000000e-01	0				0
1.950000e+01	1	0				0
1.950000e+01	1.500000e+00	0				0
1.950000e+01	2	0				0
1.950000e+01	2.500000e+00	0				0
1.950000e+01	3	0				0
1.950000e+01	3.500000e+00	0				0
1.950000e+01	4	0				0
1.950000e+01	4.500000e+00	0				0
1.950000e+01	5	0				0
1.950000e+01	5.500000e+00	0				0
1.950000e+01	6	0				0
1.950000e+01	6.500000e+00	0				0
1.950000e+01	7	0				0
1.950000e+01	7.500000e+00	0				0
1.950000e+01	8	0				0
1.950000e+01	8.500000e+00	0				0
1.950000e+01	9	0				0
1.950000e+01	9.500000e+00	0				0
1.950000e+01	10	0				0
1.950000e+01	1.050000e+01	0				0
1.950000e+01	11	0				0
1.950000e+01	1.150000e+01	0				0
1.950000e+01	12	0				0
1.950000e+01	1.250000e+01	0				0
1.950000e+01	13	0				0
1.950000e+01	1.350000e+01	0				0
1.950000e+01	14	0				0
1.950000e+01	1.450000e+01	0				0
1.950000e+01	15	0				0
1.950000e+01	1.550000e+01	0				0
1.950000e+01	16	0				0
1.950000e+01	1.650000e+01	0				0
1.950000e+01	17	0				0
1.950000e+01	1.750000e+01	0				0
1.950000e+01	18	0				0
1.950000e+01	1.850000e+01	0				0
1.950000e+01	19	0				0
1.950000e+01	1.950000e+01	0				0
1.950000e+01	20	0				0
1.950000e+01	2.050000e+01	2.910000e+00	5.753911e+01
1.950000e+01	21	1.180000e+00	2.323401e+01
1.950000e+01	2.150000e+01	5.010000e+00	1.027347e+02
1.950000e+01	22	2.510000e+00	5.109702e+01
1.950000e+01	2.250000e+01	6.220000e+00	1.323650e+02
1.950000e+01	23	3.350000e+00	7.049081e+01
1.950000e+01	2.350000e+01	7.160000e+00	1.581334e+02
1.950000e+01	24	3.970000e+00	8.634670e+01
1.950000e+01	2.450000e+01	7.980000e+00	1.828597e+02
1.950000e+01	25	4.470000e+00	1.004708e+02
20	0	0				0
20	5.000000e-01	0				0
20	1	0				0
20	1.500000e+00	0				0
20	2	0				0
20	2.500000e+00	0				0
20	3	0				0
20	3.500000e+00	0				0
20	4	0				0
20	4.500000e+00	0				0
20	5	0				0
20	5.500000e+00	0				0
20	6	0				0
20	6.500000e+00	0				0
20	7	0				0
20	7.500000e+00	0				0
20	8	0				0
20	8.500000e+00	0				0
20	9	0				0
20	9.500000e+00	0				0
20	10	0				0
20	1.050000e+01	0				0
20	11	0				0
20	1.150000e+01	0				0
20	12	0				0
20	1.250000e+01	0				0
20	13	0				0
20	1.350000e+01	0				0
20	14	0				0
20	1.450000e+01	0				0
20	15	0				0
20	1.550000e+01	0				0
20	16	0				0
20	1.650000e+01	0				0
20	17	0				0
20	1.750000e+01	0				0
20	18	0				0
20	1.850000e+01	0				0
20	19	0				0
20	1.950000e+01	0				0
20	20	0				0
20	2.050000e+01	0				0
20	21	0				0
20	2.150000e+01	4.260000e+00	8.791010e+01
20	22	1.960000e+00	4.023037e+01
20	2.250000e+01	5.790000e+00	1.238837e+02
20	23	2.990000e+00	6.338159e+01
20	2.350000e+01	6.850000e+00	1.520040e+02
20	24	3.700000e+00	8.100952e+01
20	2.450000e+01	7.740000e+00	1.781122e+02
20	25	4.260000e+00	9.634040e+01
2.050000e+01	0	0				0
2.050000e+01	5.000000e-01	0				0
2.050000e+01	1	0				0
2.050000e+01	1.500000e+00	0				0
2.050000e+01	2	0				0
2.050000e+01	2.500000e+00	0				0
2.050000e+01	3	0				0
2.050000e+01	3.500000e+00	0				0
2.050000e+01	4	0				0
2.050000e+01	4.500000e+00	0				0
2.050000e+01	5	0				0
2.050000e+01	5.500000e+00	0				0
2.050000e+01	6	0				0
2.050000e+01	6.500000e+00	0				0
2.050000e+01	7	0				0
2.050000e+01	7.500000e+00	0				0
2.050000e+01	8	0				0
2.050000e+01	8.500000e+00	0				0
2.050000e+01	9	0				0
2.050000e+01	9.500000e+00	0				0
2.050000e+01	10	0				0
2.050000e+01	1.050000e+01	0				0
2.050000e+01	11	0				0
2.050000e+01	1.150000e+01	0				0
2.050000e+01	12	0				0
2.050000e+01	1.250000e+01	0				0
2.050000e+01	13	0				0
2.050000e+01	1.350000e+01	0				0
2.050000e+01	14	0				0
2.050000e+01	1.450000e+01	0				0
2.050000e+01	15	0				0
2.050000e+01	1.550000e+01	0				0
2.050000e+01	16	0				0
2.050000e+01	1.650000e+01	0				0
2.050000e+01	17	0				0
2.050000e+01	1.750000e+01	0				0
2.050000e+01	18	0				0
2.050000e+01	1.850000e+01	0				0
2.050000e+01	19	0				0
2.050000e+01	1.950000e+01	0				0
2.050000e+01	20	0				0
2.050000e+01	2.050000e+01	0				0
2.050000e+01	21	0				0
2.050000e+01	2.150000e+01	3.070000e+00	6.378116e+01
2.050000e+01	22	1.210000e+00	2.503439e+01
2.050000e+01	2.250000e+01	5.230000e+00	1.125270e+02
2.050000e+01	23	2.550000e+00	5.446460e+01
2.050000e+01	2.350000e+01	6.490000e+00	1.447184e+02
2.050000e+01	24	3.390000e+00	7.472795e+01
2.050000e+01	2.450000e+01	7.470000e+00	1.726417e+02
2.050000e+01	25	4.020000e+00	9.147536e+01
21	0	0				0
21	5.000000e-01	0				0
21	1	0				0
21	1.500000e+00	0				0
21	2	0				0
21	2.500000e+00	0				0
21	3	0				0
21	3.500000e+00	0				0
21	4	0				0
21	4.500000e+00	0				0
21	5	0				0
21	5.500000e+00	0				0
21	6	0				0
21	6.500000e+00	0				0
21	7	0				0
21	7.500000e+00	0				0
21	8	0				0
21	8.500000e+00	0				0
21	9	0				0
21	9.500000e+00	0				0
21	10	0				0
21	1.050000e+01	0				0
21	11	0				0
21	1.150000e+01	0				0
21	12	0				0
21	1.250000e+01	0				0
21	13	0				0
21	1.350000e+01	0				0
21	14	0				0
21	1.450000e+01	0				0
21	15	0				0
21	1.550000e+01	0				0
21	16	0				0
21	1.650000e+01	0				0
21	17	0				0
21	1.750000e+01	0				0
21	18	0				0
21	1.850000e+01	0				0
21	19	0				0
21	1.950000e+01	0				0
21	20	0				0
21	2.050000e+01	0				0
21	21	0				0
21	2.150000e+01	0				0
21	22	0				0
21	2.250000e+01	4.470000e+00	9.674352e+01
21	23	1.990000e+00	4.283394e+01
21	2.350000e+01	6.050000e+00	1.355839e+02
21	24	3.030000e+00	6.726340e+01
21	2.450000e+01	7.160000e+00	1.662072e+02
21	25	3.750000e+00	8.587190e+01
2.150000e+01	0	0				0
2.150000e+01	5.000000e-01	0				0
2.150000e+01	1	0				0
2.150000e+01	1.500000e+00	0				0
2.150000e+01	2	0				0
2.150000e+01	2.500000e+00	0				0
2.150000e+01	3	0				0
2.150000e+01	3.500000e+00	0				0
2.150000e+01	4	0				0
2.150000e+01	4.500000e+00	0				0
2.150000e+01	5	0				0
2.150000e+01	5.500000e+00	0				0
2.150000e+01	6	0				0
2.150000e+01	6.500000e+00	0				0
2.150000e+01	7	0				0
2.150000e+01	7.500000e+00	0				0
2.150000e+01	8	0				0
2.150000e+01	8.500000e+00	0				0
2.150000e+01	9	0				0
2.150000e+01	9.500000e+00	0				0
2.150000e+01	10	0				0
2.150000e+01	1.050000e+01	0				0
2.150000e+01	11	0				0
2.150000e+01	1.150000e+01	0				0
2.150000e+01	12	0				0
2.150000e+01	1.250000e+01	0				0
2.150000e+01	13	0				0
2.150000e+01	1.350000e+01	0				0
2.150000e+01	14	0				0
2.150000e+01	1.450000e+01	0				0
2.150000e+01	15	0				0
2.150000e+01	1.550000e+01	0				0
2.150000e+01	16	0				0
2.150000e+01	1.650000e+01	0				0
2.150000e+01	17	0				0
2.150000e+01	1.750000e+01	0				0
2.150000e+01	18	0				0
2.150000e+01	1.850000e+01	0				0
2.150000e+01	19	0				0
2.150000e+01	1.950000e+01	0				0
2.150000e+01	20	0				0
2.150000e+01	2.050000e+01	0				0
2.150000e+01	21	0				0
2.150000e+01	2.150000e+01	0				0
2.150000e+01	22	0				0
2.150000e+01	2.250000e+01	3.270000e+00	7.122097e+01
2.150000e+01	23	1.230000e+00	2.667457e+01
2.150000e+01	2.350000e+01	5.490000e+00	1.236757e+02
2.150000e+01	24	2.590000e+00	5.791172e+01
2.150000e+01	2.450000e+01	6.790000e+00	1.583273e+02
2.150000e+01	25	3.440000e+00	7.928450e+01
22	0	0				0
22	5.000000e-01	0				0
22	1	0				0
22	1.500000e+00	0				0
22	2	0				0
22	2.500000e+00	0				0
22	3	0				0
22	3.500000e+00	0				0
22	4	0				0
22	4.500000e+00	0				0
22	5	0				0
22	5.500000e+00	0				0
22	6	0				0
22	6.500000e+00	0				0
22	7	0				0
22	7.500000e+00	0				0
22	8	0				0
22	8.500000e+00	0				0
22	9	0				0
22	9.500000e+00	0				0
22	10	0				0
22	1.050000e+01	0				0
22	11	0				0
22	1.150000e+01	0				0
22	12	0				0
22	1.250000e+01	0				0
22	13	0				0
22	1.350000e+01	0				0
22	14	0				0
22	1.450000e+01	0				0
22	15	0				0
22	1.550000e+01	0				0
22	16	0				0
22	1.650000e+01	0				0
22	17	0				0
22	1.750000e+01	0				0
22	18	0				0
22	1.850000e+01	0				0
22	19	0				0
22	1.950000e+01	0				0
22	20	0				0
22	2.050000e+01	0				0
22	21	0				0
22	2.150000e+01	0				0
22	22	0				0
22	2.250000e+01	0				0
22	23	0				0
22	2.350000e+01	4.720000e+00	1.069136e+02
22	24	2.030000e+00	4.572718e+01
22	2.450000e+01	6.350000e+00	1.487597e+02
22	25	3.070000e+00	7.122466e+01
2.250000e+01	0	0				0
2.250000e+01	5.000000e-01	0				0
2.250000e+01	1	0				0
2.250000e+01	1.500000e+00	0				0
2.250000e+01	2	0				0
2.250000e+01	2.500000e+00	0				0
2.250000e+01	3	0				0
2.250000e+01	3.500000e+00	0				0
2.250000e+01	4	0				0
2.250000e+01	4.500000e+00	0				0
2.250000e+01	5	0				0
2.250000e+01	5.500000e+00	0				0
2.250000e+01	6	0				0
2.250000e+01	6.500000e+00	0				0
2.250000e+01	7	0				0
2.250000e+01	7.500000e+00	0				0
2.250000e+01	8	0				0
2.250000e+01	8.500000e+00	0				0
2.250000e+01	9	0				0
2.250000e+01	9.500000e+00	0				0
2.250000e+01	10	0				0
2.250000e+01	1.050000e+01	0				0
2.250000e+01	11	0				0
2.250000e+01	1.150000e+01	0				0
2.250000e+01	12	0				0
2.250000e+01	1.250000e+01	0				0
2.250000e+01	13	0				0
2.250000e+01	1.350000e+01	0				0
2.250000e+01	14	0				0
2.250000e+01	1.450000e+01	0				0
2.250000e+01	15	0				0
2.250000e+01	1.550000e+01	0				0
2.250000e+01	16	0				0
2.250000e+01	1.650000e+01	0				0
2.250000e+01	17	0				0
2.250000e+01	1.750000e+01	0				0
2.250000e+01	18	0				0
2.250000e+01	1.850000e+01	0				0
2.250000e+01	19	0				0
2.250000e+01	1.950000e+01	0				0
2.250000e+01	20	0				0
2.250000e+01	2.050000e+01	0				0
2.250000e+01	21	0				0
2.250000e+01	2.150000e+01	0				0
2.250000e+01	22	0				0
2.250000e+01	2.250000e+01	0				0
2.250000e+01	23	0				0
2.250000e+01	2.350000e+01	3.490000e+00	7.951809e+01
2.250000e+01	24	1.260000e+00	2.858460e+01
2.250000e+01	2.450000e+01	5.790000e+00	1.363003e+02
2.250000e+01	25	2.630000e+00	6.143839e+01
23	0	0				0
23	5.000000e-01	0				0
23	1	0				0
23	1.500000e+00	0				0
23	2	0				0
23	2.500000e+00	0				0
23	3	0				0
23	3.500000e+00	0				0
23	4	0				0
23	4.500000e+00	0				0
23	5	0				0
23	5.500000e+00	0				0
23	6	0				0
23	6.500000e+00	0				0
23	7	0				0
23	7.500000e+00	0				0
23	8	0				0
23	8.500000e+00	0				0
23	9	0				0
23	9.500000e+00	0				0
23	10	0				0
23	1.050000e+01	0				0
23	11	0				0
23	1.150000e+01	0				0
23	12	0				0
23	1.250000e+01	0				0
23	13	0				0
23	1.350000e+01	0				0
23	14	0				0
23	1.450000e+01	0				0
23	15	0				0
23	1.550000e+01	0				0
23	16	0				0
23	1.650000e+01	0				0
23	17	0				0
23	1.750000e+01	0				0
23	18	0				0
23	1.850000e+01	0				0
23	19	0				0
23	1.950000e+01	0				0
23	20	0				0
23	2.050000e+01	0				0
23	21	0				0
23	2.150000e+01	0				0
23	22	0				0
23	2.250000e+01	0				0
23	23	0				0
23	2.350000e+01	0				0
23	24	0				0
23	2.450000e+01	5.010000e+00	1.185398e+02
23	25	2.060000e+00	4.846005e+01
2.350000e+01	0	0				0
2.350000e+01	5.000000e-01	0				0
2.350000e+01	1	0				0
2.350000e+01	1.500000e+00	0				0
2.350000e+01	2	0				0
2.350000e+01	2.500000e+00	0				0
2.350000e+01	3	0				0
2.350000e+01	3.500000e+00	0				0
2.350000e+01	4	0				0
2.350000e+01	4.500000e+00	0				0
2.350000e+01	5	0				0
2.350000e+01	5.500000e+00	0				0
2.350000e+01	6	0				0
2.350000e+01	6.500000e+00	0				0
2.350000e+01	7	0				0
2.350000e+01	7.500000e+00	0				0
2.350000e+01	8	0				0
2.350000e+01	8.500000e+00	0				0
2.350000e+01	9	0				0
2.350000e+01	9.500000e+00	0				0
2.350000e+01	10	0				0
2.350000e+01	1.050000e+01	0				0
2.350000e+01	11	0				0
2.350000e+01	1.150000e+01	0				0
2.350000e+01	12	0				0
2.350000e+01	1.250000e+01	0				0
2.350000e+01	13	0				0
2.350000e+01	1.350000e+01	0				0
2.350000e+01	14	0				0
2.350000e+01	1.450000e+01	0				0
2.350000e+01	15	0				0
2.350000e+01	1.550000e+01	0				0
2.350000e+01	16	0				0
2.350000e+01	1.650000e+01	0				0
2.350000e+01	17	0				0
2.350000e+01	1.750000e+01	0				0
2.350000e+01	18	0				0
2.350000e+01	1.850000e+01	0				0
2.350000e+01	19	0				0
2.350000e+01	1.950000e+01	0				0
2.350000e+01	20	0				0
2.350000e+01	2.050000e+01	0				0
2.350000e+01	21	0				0
2.350000e+01	2.150000e+01	0				0
2.350000e+01	22	0				0
2.350000e+01	2.250000e+01	0				0
2.350000e+01	23	0				0
2.350000e+01	2.350000e+01	0				0
2.350000e+01	24	0				0
2.350000e+01	2.450000e+01	3.750000e+00	8.921198e+01
2.350000e+01	25	1.280000e+00	3.031442e+01
24	0	0				0
24	5.000000e-01	0				0
24	1	0				0
24	1.500000e+00	0				0
24	2	0				0
24	2.500000e+00	0				0
24	3	0				0
24	3.500000e+00	0				0
24	4	0				0
24	4.500000e+00	0				0
24	5	0				0
24	5.500000e+00	0				0
24	6	0				0
24	6.500000e+00	0				0
24	7	0				0
24	7.500000e+00	0				0
24	8	0				0
24	8.500000e+00	0				0
24	9	0				0
24	9.500000e+00	0				0
24	10	0				0
24	1.050000e+01	0				0
24	11	0				0
24	1.150000e+01	0				0
24	12	0				0
24	1.250000e+01	0				0
24	13	0				0
24	1.350000e+01	0				0
24	14	0				0
24	1.450000e+01	0				0
24	15	0				0
24	1.550000e+01	0				0
24	16	0				0
24	1.650000e+01	0				0
24	17	0				0
24	1.750000e+01	0				0
24	18	0				0
24	1.850000e+01	0				0
24	19	0				0
24	1.950000e+01	0				0
24	20	0				0
24	2.050000e+01	0				0
24	21	0				0
24	2.150000e+01	0				0
24	22	0				0
24	2.250000e+01	0				0
24	23	0				0
24	2.350000e+01	0				0
24	24	0				0
24	2.450000e+01	0				0
24	25	0				0
2.450000e+01	0	0				0
2.450000e+01	5.000000e-01	0				0
2.450000e+01	1	0				0
2.450000e+01	1.500000e+00	0				0
2.450000e+01	2	0				0
2.450000e+01	2.500000e+00	0				0
2.450000e+01	3	0				0
2.450000e+01	3.500000e+00	0				0
2.450000e+01	4	0				0
2.450000e+01	4.500000e+00	0				0
2.450000e+01	5	0				0
2.450000e+01	5.500000e+00	0				0
2.450000e+01	6	0				0
2.450000e+01	6.500000e+00	0				0
2.450000e+01	7	0				0
2.450000e+01	7.500000e+00	0				0
2.450000e+01	8	0				0
2.450000e+01	8.500000e+00	0				0
2.450000e+01	9	0				0
2.450000e+01	9.500000e+00	0				0
2.450000e+01	10	0				0
2.450000e+01	1.050000e+01	0				0
2.450000e+01	11	0				0
2.450000e+01	1.150000e+01	0				0
2.450000e+01	12	0				0
2.450000e+01	1.250000e+01	0				0
2.450000e+01	13	0				0
2.450000e+01	1.350000e+01	0				0
2.450000e+01	14	0				0
2.450000e+01	1.450000e+01	0				0
2.450000e+01	15	0				0
2.450000e+01	1.550000e+01	0				0
2.450000e+01	16	0				0
2.450000e+01	1.650000e+01	0				0
2.450000e+01	17	0				0
2.450000e+01	1.750000e+01	0				0
2.450000e+01	18	0				0
2.450000e+01	1.850000e+01	0				0
2.450000e+01	19	0				0
2.450000e+01	1.950000e+01	0				0
2.450000e+01	20	0				0
2.450000e+01	2.050000e+01	0				0
2.450000e+01	21	0				0
2.450000e+01	2.150000e+01	0				0
2.450000e+01	22	0				0
2.450000e+01	2.250000e+01	0				0
2.450000e+01	23	0				0
2.450000e+01	2.350000e+01	0				0
2.450000e+01	24	0				0
2.450000e+01	2.450000e+01	0				0
2.450000e+01	25	0				0
25	0	0				0
25	5.000000e-01	0				0
25	1	0				0
25	1.500000e+00	0				0
25	2	0				0
25	2.500000e+00	0				0
25	3	0				0
25	3.500000e+00	0				0
25	4	0				0
25	4.500000e+00	0				0
25	5	0				0
25	5.500000e+00	0				0
25	6	0				0
25	6.500000e+00	0				0
25	7	0				0
25	7.500000e+00	0				0
25	8	0				0
25	8.500000e+00	0				0
25	9	0				0
25	9.500000e+00	0				0
25	10	0				0
25	1.050000e+01	0				0
25	11	0				0
25	1.150000e+01	0				0
25	12	0				0
25	1.250000e+01	0				0
25	13	0				0
25	1.350000e+01	0				0
25	14	0				0
25	1.450000e+01	0				0
25	15	0				0
25	1.550000e+01	0				0
25	16	0				0
25	1.650000e+01	0				0
25	17	0				0
25	1.750000e+01	0				0
25	18	0				0
25	1.850000e+01	0				0
25	19	0				0
25	1.950000e+01	0				0
25	20	0				0
25	2.050000e+01	0				0
25	21	0				0
25	2.150000e+01	0				0
25	22	0				0
25	2.250000e+01	0				0
25	23	0				0
25	2.350000e+01	0				0
25	24	0				0
25	2.450000e+01	0				0
25	25	0				0